4329
3941
7426
7156
8030
5411
2079
9117
3576
5982
8298
6308
5648
2355
7851
5634
8519
6388
7143
4124
8436
6411
4043
3641
2929
9782
6986
7078
1764
6171
2887
1370
6095
4000
9920
9380
2100
5641
3611
4916
2881
535
9822
2497
7723
9201
6200
6296
968
5279
4453
674
3670
7195
9414
8163
9996
5833
7281
9371
6882
9663
4632
3322
9840
4188
1878
6029
38
8290
9644
9722
7738
6064
4258
5084
5045
9084
8991
4094
6517
689
988
1632
9666
831
9939
9875
8614
7318
3435
672
3255
6866
5712
7618
3148
7266
999
1328
84
203
62
8518
5746
2766
8683
7982
1238
4557
9801
4236
3369
6416
6848
2709
8542
6295
4371
8689
8846
7523
3511
5949
6520
4868
4076
9949
2364
4125
2033
4816
835
1745
1069
2944
9613
1980
9550
965
4208
406
9687
6097
8843
4314
3995
2432
3284
2416
5253
7588
1536
8615
73
6351
2424
7137
2931
9391
3930
9264
7029
1981
2890
5096
746
9753
9121
7286
3563
5933
8420
7572
3360
7288
1966
1021
7748
4032
644
7422
5720
2330
1521
3992
2306
6717
342
8688
8167
3731
8228
8770
8075
7395
3004
5038
7109
1754
5590
8115
1041
5666
9671
9562
7872
229
8557
7192
777
9828
6541
973
8809
3638
3343
3140
633
5582
9312
3748
8292
7291
5910
796
2544
344
737
2250
8668
1259
8838
5847
1794
5086
2367
1366
3798
1221
8815
9223
9596
8113
3963
8713
9265
1900
9464
8985
3838
7696
6553
5926
6865
1247
6745
8537
840
2971
7605
9096
7478
6033
6648
2417
3483
5017
9298
875
8912
2020
7409
3481
3557
2534
3366
9301
7843
4368
977
7747
8681
9024
8493
873
7426
6451
951
5714
6638
903
8728
7918
4699
7739
6727
1418
2497
8446
3912
2793
4376
3908
6066
3032
6347
3983
5575
3958
8123
4853
818
1293
2020
4261
4295
1451
926
8757
3033
4549
9633
6391
6986
1825
8654
2885
1171
1705
7318
9280
5094
5058
3417
4265
8656
6871
9977
4977
7184
8505
5809
5924
9484
1990
5429
6842
1883
5402
5661
6840
8124
6240
779
3941
9662
7986
5383
6274
3426
3496
4392
3607
4436
7755
2508
5641
8782
1650
1283
6548
8456
7906
541
3603
3239
62
2317
1449
6464
5508
9705
2520
820
3948
39
8453
7598
3421
1699
6948
7755
6982
6497
3456
6018
4531
5053
7331
9869
5906
913
7621
3723
3309
197
4565
4832
3439
7549
9024
1556
2261
5838
3582
6520
8269
6623
5851
6845
3290
750
6637
1196
3421
3612
3058
8678
6514
7567
9443
7749
6787
4825
6903
4290
1584
7704
5832
6707
111
9563
4275
2515
9029
8980
9101
5262
5214
1735
6222
2808
1685
68
707
8028
8750
6289
7603
794
8729
8358
9473
5751
9287
8284
7268
3831
7368
341
6974
6718
2985
4988
5689
2557
9720
6120
7263
8064
6687
3820
9447
6905
4922
2131
1606
6731
9685
1516
4501
7552
9009
8706
1378
2289
7968
2348
2640
6289
7605
1550
4803
6339
7237
5767
8040
1283
8950
8751
5687
5755
3468
6304
3339
5709
7331
7418
4809
9455
2323
1094
7144
727
9418
6550
7144
946
1193
2871
7379
6282
8583
5237
573
1382
163
8773
7401
5710
4708
7803
4248
324
684
7837
4277
2604
9547
9967
7271
3973
3248
2500
1161
955
162
2664
865
3070
7851
1989
8165
1999
5482
2584
9675
5203
3535
7931
8649
3788
3522
1067
397
8745
5794
5044
337
1934
9303
5429
8370
8155
3134
2259
3182
2511
6007
9343
5308
2853
6589
2122
8383
599
4408
1351
3834
4422
8455
8832
5481
434
8123
3134
6989
9327
9063
7761
6934
5650
4716
1627
3356
6922
2848
1811
2096
582
5194
1582
991
4925
7536
2462
5008
6115
6940
7686
5811
7129
2706
5859
2919
6051
7618
7824
2597
543
6544
6785
4951
2467
85
1610
9294
1713
2054
5883
2811
1044
857
759
7753
4438
6536
7971
7989
9855
7168
430
6593
3603
608
1800
2322
7557
147
3118
4343
2371
5554
4115
1374
9508
4175
9213
3520
2450
315
3356
2515
2738
4937
816
8824
9657
1877
871
2135
3296
1232
7927
5096
9520
5369
9972
8894
1908
8055
8590
3211
134
2655
5699
2430
6458
1013
7111
4580
1993
700
637
9432
2243
4599
6939
7403
7045
3512
4645
1499
3493
9368
7323
359
1671
3943
8836
1696
2125
5556
5336
1878
834
4129
6673
9220
2214
3179
7378
5681
3113
5883
7522
4085
1152
1148
6744
5724
8855
4798
522
6263
972
445
6380
6244
6170
4377
9119
6156
5818
8900
8410
5032
1994
8960
9112
5852
4034
7592
4540
637
7947
6750
5572
3058
5850
1443
3955
6633
3212
6716
6480
2122
136
9008
7782
8631
9168
5671
3432
9074
6214
9035
1751
2193
2992
4311
2268
81
9189
3807
1137
2319
9965
3502
8979
5250
9785
1817
4586
7656
6707
4603
8734
2171
2161
4818
5935
5115
69
127
8389
6138
5680
6782
5620
3039
8901
3502
5318
6437
9112
4802
5774
3598
8431
9255
7935
637
8250
4489
5625
7576
9481
7383
5734
1286
400
4893
6283
7207
7240
8204
9227
1930
1748
490
6526
5224
6826
6488
2608
1864
6049
271
3680
795
5367
6150
4500
1534
5649
6484
6213
5502
2813
9290
4655
3013
8281
8051
7108
5026
6222
5872
6925
2438
5642
6209
9661
4704
4745
2841
1392
3854
2210
2414
9768
9628
5017
3951
976
6354
5281
1045
1325
2442
9210
4100
395
8949
9707
1948
3838
4499
450
4465
7822
63
3304
356
3832
8558
2840
7225
2086
1082
1418
4230
4184
3660
5805
1150
770
5864
1612
1552
7957
5375
4993
1859
7069
629
1959
2621
5855
7061
4458
3036
5737
1130
8917
4878
8891
309
7343
7376
1000
6539
3262
304
371
5243
4804
8571
1768
1951
5050
7935
3800
3825
5387
8113
1999
3911
1095
6529
5801
1845
9596
3207
6588
5899
932
4919
5667
7749
6868
4578
5594
3171
9742
102
5623
8969
4696
5474
2199
8876
9219
5594
8428
8930
2107
5632
2214
5859
9849
5091
1385
388
2242
6525
5511
1074
593
8986
8397
3257
1252
6648
2214
2008
4428
3761
4140
7615
3233
8158
9012
7037
738
6811
6976
5019
3444
8644
3440
4130
8033
1734
9688
3820
4516
4316
6480
4813
2962
1618
9660
6626
2891
3405
6337
2802
4100
379
2587
592
5204
1064
8735
9227
1495
4670
6324
3678
6859
9560
1593
8856
5439
1425
3971
2567
7491
38
4425
4236
445
8546
7806
383
579
4658
5321
7164
2908
8805
8148
4891
6896
379
855
9398
3421
9470
3775
329
4064
8202
6780
7031
7235
2719
2984
8547
6907
4134
9852
5436
8818
4365
6890
7610
5846
677
3641
4192
9015
934
9086
8530
3055
140
3677
3913
5767
7641
8243
3297
8616
3536
9784
9396
1868
2298
2766
9867
1384
1384
5961
5991
5750
2697
9101
2268
1795
5178
640
8613
3754
7494
7798
6501
6351
836
2700
5313
4878
3162
3927
5385
6000
7895
1067
9822
1466
2010
959
8017
3133
762
8267
9970
1831
8855
9697
2020
4441
795
769
1414
3272
6340
6370
9221
9343
512
1484
8575
6469
1475
6499
7944
6219
3710
2256
7194
4735
8412
3611
7574
1172
7787
6716
5444
4097
5015
4432
3552
6548
7065
6333
2979
2685
3242
4638
3474
8936
8376
5018
9868
402
5904
1781
7450
8883
2740
143
9801
2362
4812
4481
8393
7038
9379
309
4497
2053
7876
9492
394
3967
899
2734
8718
2725
5178
738
5861
3349
897
5593
7817
7960
6566
6929
4571
794
7798
3177
2214
4914
5806
6850
307
2998
1208
4216
5735
6202
8830
3925
3245
4475
9569
6216
7210
8893
6126
4170
8747
1577
411
1164
7261
1619
1793
4117
5741
6036
6982
458
4675
3239
4324
7824
326
2763
7552
9398
9295
9066
6626
4573
2793
9111
6181
4108
833
3110
5351
1350
8709
5350
6226
6228
5514
7330
2044
6712
7233
8563
400
3232
4981
1366
1167
5142
2329
4701
3649
4727
4358
8717
2536
3502
5040
6014
7653
7571
8898
7863
8202
3667
7481
3603
8222
5185
1123
9292
6320
7961
1732
7287
9401
8884
2868
1905
7052
6484
9268
7550
550
1601
9152
4797
8023
7936
9120
6765
5197
6838
3288
2861
9397
8042
5404
9432
2958
8213
5129
7222
1086
2173
7404
3663
8305
7432
6895
3949
7147
1274
7860
8633
2472
1068
3470
7046
4903
2686
7626
5217
7296
8962
6586
4181
8817
9980
7370
9560
2275
9634
4825
6139
1679
8397
9472
1781
8627
524
3834
3473
8120
4992
5785
4566
6652
3443
3673
6329
8016
5085
9429
8843
5183
8057
2718
5921
9799
9134
1275
6301
4397
8784
20
8634
6231
6606
4287
951
5810
2928
546
6235
7673
5973
1387
4473
5704
426
204
8157
389
2417
5001
2563
815
8045
81
4348
9922
7354
8957
2021
7537
3383
1793
9646
2080
6378
5898
793
8450
6528
8372
3175
6586
4723
5867
5702
2467
9723
7595
8717
903
1850
4238
5091
7361
7897
7182
4551
4301
9248
9655
6100
5998
5404
3759
3739
4691
8077
5128
8822
29
6819
18
8318
3258
5719
7982
2035
7360
2164
6981
3392
4456
2865
6783
7768
2172
9380
770
9591
1381
5239
5944
4399
8781
9438
5821
4876
9065
6538
1144
538
3137
1902
8937
9173
747
1715
1242
4399
8238
1323
1103
7794
4636
2194
4844
5900
2260
7300
6472
2148
1220
7119
2193
1218
683
3572
437
8695
3664
7243
5529
2016
6207
3975
1214
9631
6315
555
3608
4084
2744
5637
1825
1282
8878
1242
8523
2600
2284
2246
1928
8678
6289
6105
5505
3761
5906
2747
1379
7284
6818
5008
8856
4989
2739
3326
9951
5370
3461
4473
9688
8450
3163
3024
137
2991
6139
6029
3632
5121
5021
5833
2427
6055
4755
3402
9168
9102
4154
4637
4986
6456
5647
5160
9758
4438
3032
4836
2155
1753
6471
1903
5437
9147
3772
8003
8672
358
7057
9612
2019
3694
4345
8449
9036
729
6280
3252
8599
3640
9244
8014
3931
5528
7476
7224
6503
8682
8408
6961
8118
4227
7452
1787
5348
2819
699
1314
6708
144
6620
7027
4388
2871
712
9498
9243
371
304
8494
9797
5071
204
3614
3480
9588
3748
1099
1065
1963
7946
3235
3303
1227
5877
377
2159
4325
4275
2037
7684
1964
9332
2709
5624
5357
9129
141
87
8028
6841
8621
283
6845
4877
7512
247
4282
6445
5744
5693
9535
7707
6262
2734
9571
625
545
9039
2448
3884
2207
9208
4308
6880
433
2614
8353
9642
8546
3791
8769
9771
337
2553
5130
6028
6989
3458
3078
6998
356
1990
5253
2463
4207
7870
2368
4522
3589
4296
8108
5319
3940
5564
3071
8296
5742
4567
2388
306
7626
5903
8837
2627
612
23
8276
9944
8898
8710
7050
7709
8056
2479
1658
9924
9794
6002
9410
1381
3542
8565
5076
639
9047
2726
2572
2629
878
5839
2663
2672
5289
5924
7302
6887
2239
5474
8778
7540
538
4230
7148
5663
2067
4680
2568
7472
1799
2128
80
5545
3971
4514
3185
514
1155
5864
9086
4106
2215
1255
2885
9757
7178
447
207
2768
1891
2006
7737
7960
3019
9636
8977
9146
4395
7679
8164
1383
9043
3344
8745
3926
7295
9032
4045
9089
328
9357
6866
9799
190
3930
1606
6528
1914
8790
7222
2513
679
6478
1825
4682
7136
7193
69
6560
7016
1201
2580
8559
6887
5725
2664
547
6580
7936
9257
1327
180
9301
6668
9793
1735
5594
1062
2880
8848
1133
792
6186
7205
5458
2747
4123
1733
5579
9661
7838
5552
7182
3986
757
6227
3712
2382
3583
9854
3159
1119
2871
7503
8517
6779
9851
5208
9409
8507
9114
8293
9149
7788
9959
3125
3671
9203
6738
4573
6141
970
8364
5454
3845
7182
1314
4985
1995
4633
4904
6912
2454
5850
2394
4377
4066
6540
6579
7825
5297
58
3912
4281
9142
3659
6907
1196
4947
1353
629
5712
1652
5966
5384
687
2265
8682
4381
2109
9901
7743
2111
8618
1588
9291
6450
2796
7254
2370
5095
5592
7758
7024
4822
9797
7681
9080
294
5843
5666
7777
7644
3362
7578
2653
6926
4907
5450
4305
6646
4060
8273
9526
3081
8718
9041
5127
6832
1785
6142
6298
9189
5737
6197
4751
1232
4528
9733
9105
9371
6209
705
4941
1985
2263
5831
4837
3213
5144
9904
9257
1565
3811
8862
7684
3007
8141
3201
5596
425
7018
559
6979
3996
1641
7740
3958
9849
5107
9300
4812
7659
1713
1889
9158
1305
4554
1032
4406
581
7987
9708
726
6093
2341
6205
2715
3940
1812
2065
4703
1557
2938
9610
3228
1158
267
2563
4572
2679
7855
2552
7463
3747
109
8934
1052
320
3137
9272
6106
7895
8261
3085
2966
9906
2626
2016
3302
6829
7951
5432
3929
6851
7376
1684
40
6492
2098
1706
2070
7504
4029
3466
5143
4579
8038
2897
2519
6904
7551
9368
4814
5464
210
1479
4886
7136
6137
2063
4223
6060
9887
9601
452
2586
8669
6967
7117
152
3563
7406
6314
863
7561
1953
1921
1246
4091
2122
6192
698
2338
6624
5314
6457
1182
1119
135
597
1829
5562
6747
6501
359
4573
7851
4542
5284
2449
9894
9302
1970
5909
2891
3526
5305
4499
9492
7276
4358
687
7403
4213
7917
9095
4572
820
7805
7102
9695
8513
7642
7054
1536
3040
8326
3743
9325
360
7930
9436
3063
3274
2939
2798
6947
8478
9783
7300
1331
9429
492
9353
8644
6432
3944
6340
6513
1692
4673
9953
6966
3748
4491
795
4041
2629
8273
6097
3403
4391
4182
3556
6601
1240
333
815
9532
1392
4425
1891
9346
983
262
9009
6536
8912
5192
687
9297
4318
5526
4709
5352
5530
2757
7637
2411
8821
2014
915
2160
5051
5600
7276
4292
2377
8689
181
6430
3613
1317
3288
3022
7526
608
6621
1283
4393
9911
990
5089
7471
6931
2483
8355
3688
1289
4415
7884
8814
3007
4961
1923
4676
7343
4904
4754
8531
8152
1420
9503
7632
1442
617
1078
5251
3202
3680
8642
7895
703
8889
2341
7363
4465
4539
2154
5372
8893
5831
7693
2991
3151
2186
6494
1874
297
102
4966
9382
1901
680
524
5068
7425
252
5613
1742
2501
7145
4385
326
7889
7572
564
4061
1397
8866
702
4286
8325
8840
467
6961
2100
5924
2853
6379
5687
5896
6290
115
6087
7556
7518
7142
8779
1448
8757
9269
6304
2895
1256
4585
5378
3031
7604
407
9868
9246
3308
2417
2790
9532
4128
6101
9065
3584
9377
6404
2197
7187
3000
1583
2262
5415
3601
7661
9648
4478
1823
576
8813
1674
8442
4163
9036
7826
9417
3431
4572
6832
4725
4260
4931
2519
6291
2596
7123
3857
6552
8494
5593
5758
3303
2970
2311
4211
8315
8492
9049
1265
6958
7172
6181
7540
3531
4247
7557
7342
2345
8265
8940
4215
7743
3550
8326
2820
7169
4979
24
6403
185
9882
838
7786
2869
6964
5881
5816
1464
7545
3620
8519
1290
127
4579
8809
6976
5329
5829
8549
7893
4566
3823
2000
8270
2489
1483
245
4971
174
1494
4058
7114
3340
6713
3848
854
7417
318
1834
9460
9247
2861
3370
3580
3355
745
1505
9057
9301
805
1262
9998
5425
8667
7875
2926
3473
4332
6278
3798
8037
7047
7521
3428
4533
2936
1438
8427
9513
3093
3932
4152
7521
6881
1505
3375
9411
5043
5307
9347
8064
9874
1901
4814
8785
5202
8185
9126
3325
7219
3466
4053
8396
8289
2561
5174
1875
9783
9968
9790
2434
6737
6653
4169
1269
6638
7799
2654
7782
7021
1995
8670
4630
1726
9753
2980
1360
3619
2007
7672
19
2402
7299
5330
592
9721
9708
1570
8878
202
8285
5713
4528
6274
2746
8756
2345
6687
9456
9981
5673
3464
6400
3569
6727
9724
5725
4396
5046
1255
7716
7837
1910
8045
599
1826
5519
8055
6452
722
9008
4437
4677
9549
971
9147
984
4112
6038
423
1636
7155
1305
8957
9846
3264
2900
7773
3612
5504
5842
3770
2063
4955
9463
4709
401
231
168
4009
1941
7834
3041
7146
9384
5769
3937
7657
6487
2229
4048
7824
5596
8362
9698
8933
6103
9121
1116
8687
3852
9057
5262
8834
1743
511
9482
4350
7341
136
4666
6624
4179
5920
8912
7018
9606
978
5261
3886
3546
2230
9962
5697
9322
1821
970
5238
9832
6607
9866
5062
9787
6396
4254
2306
7472
4724
1837
1812
7539
6927
1817
64
9719
9019
4071
8895
7016
7449
1606
7139
942
4205
7240
422
663
3938
1123
4183
7530
9760
1772
2640
6421
2230
9614
6914
555
1639
8693
8820
6984
7194
9145
2924
5866
7908
335
8391
7767
9141
2130
3865
9772
5548
9687
3191
2970
5956
5336
7101
982
8149
9687
6184
1683
1904
2903
3440
1959
6713
6239
475
8419
6620
3430
40
5370
8313
1243
9006
5002
232
8651
97
3769
9802
4432
7763
3224
3104
3753
3404
3203
6335
5300
7842
185
1179
1862
4398
3888
6904
8918
4247
725
393
7755
6792
3625
1622
1912
1755
3866
6137
8314
6380
2123
7986
7411
696
2677
6250
9779
6141
6891
5837
240
8018
9481
8508
4331
222
3851
3255
6150
1473
807
6097
1045
5910
8366
8100
1382
7276
9013
7037
8755
5201
4808
2442
1340
4099
9984
6048
868
53
5368
9595
9677
8745
8828
9809
4659
7938
1239
5990
1569
1346
7979
9118
104
6785
1866
2601
7481
458
4619
3906
5770
925
398
3169
6199
875
6838
9589
1814
2131
6032
8930
8429
9545
446
5739
2628
2355
6395
2093
4742
7412
846
543
4163
7271
5636
2780
4167
7554
6886
7032
3476
2224
6396
6660
2204
2462
6103
9556
542
4670
6304
3007
9563
5808
3275
1476
4862
9740
2182
5401
5407
6563
6692
7560
1916
7995
7617
9806
1392
5805
9059
7047
6984
7006
2049
7244
5292
9079
2454
5868
6400
829
2071
804
5500
9655
9241
8987
8748
4003
8065
9193
193
533
3364
6358
1062
9162
1880
1576
7447
5556
8932
8449
7560
9854
3678
919
5094
2474
5506
9833
950
2685
8638
5566
1618
3310
2006
1807
8846
5380
6674
1271
1855
9890
3654
7528
347
9861
826
8427
3821
4876
8855
5629
292
1950
2492
1692
5420
1159
5451
800
1257
1792
4174
1773
2354
4966
8239
2314
5814
1610
2882
1557
999
531
2189
3964
4105
9874
9878
1348
2553
6677
8250
1395
4257
3511
4919
419
7230
8163
1194
5308
5682
2236
5658
4604
9811
7159
1367
1504
7815
1619
5372
2174
312
2678
4810
1261
9299
3979
4682
2697
6083
8333
8618
8000
5185
8719
5420
6138
4118
1273
986
8734
2175
6191
7327
1897
4858
7633
7839
1267
4439
1703
718
37
1288
2366
462
619
5058
8762
803
9408
9611
3801
1044
665
628
3154
1818
9912
288
5776
5560
9450
9060
1978
1623
8611
735
2710
5884
9161
3115
4210
9945
1939
3460
5447
5574
4239
4726
1917
5923
8708
5944
8237
6217
3605
7625
3724
3116
1163
1034
9707
3765
5465
8331
4620
2641
3793
9156
3161
6773
5689
8032
8716
7614
2142
6127
4073
949
3230
397
4060
4538
6328
2854
5117
6929
8555
2865
1099
9820
6513
5716
1589
699
3582
1442
8898
2077
38
8916
2573
8575
4076
1548
5714
3385
2463
2583
5701
1142
8001
9956
3028
5152
7218
2931
5857
3091
5795
5357
4638
6763
1120
3243
680
8350
1045
7597
4909
7671
5453
6987
8218
2421
2538
8113
2791
6093
4859
6844
4577
6351
1167
6623
691
9982
8756
5935
1929
9244
7675
1595
9826
8427
2516
46
9718
8723
9691
4542
6124
4161
8118
2129
4425
1261
9063
681
3312
320
6521
2877
5739
6800
2950
993
2259
7146
6466
3649
9485
4564
4640
3221
8203
6763
6945
561
162
9478
2598
1855
9940
6723
3050
991
8447
1124
8688
9627
7599
5468
7457
6330
1505
9621
9074
5576
8083
5367
2227
7237
6470
5372
3758
7198
9795
1513
8201
205
9938
2068
3239
6738
742
6926
1670
6711
8829
4881
3266
4164
6617
7329
581
8759
470
8244
1171
1839
7968
1168
4987
7092
2247
150
9743
8466
8049
3039
8967
856
3682
2368
7130
2309
5455
1172
3757
25
6279
8498
3752
6255
8150
2158
4304
4359
8998
4274
9680
9746
7976
8569
3976
5191
9713
7043
8478
5118
7259
7635
4651
8829
5488
3814
5981
8388
1605
1646
1919
2867
7037
9802
4969
7035
5488
3249
7617
9188
5220
1885
9243
9800
9733
1285
4419
9952
9918
3875
3049
6059
2503
5358
9725
5360
4145
3036
4345
4796
7871
9767
8553
4475
8744
9741
2890
5724
8603
10000
7681
2898
5524
4697
6613
7584
2239
7422
5750
3582
9186
653
2259
1177
2073
345
6562
9577
889
7992
8772
7140
7147
2130
5306
9992
8811
6136
4410
1041
7838
9493
9917
2967
3551
5166
1049
802
6167
6675
2321
1936
8731
4582
1662
4003
2404
3637
6777
3984
9641
8606
9454
5103
2092
8954
5041
1571
5287
9951
9622
5124
82
561
589
1420
1690
6467
7216
8818
680
27
6620
6866
6780
7573
7085
6883
5510
8503
5058
2439
9754
9899
4382
3243
3194
5032
6297
1976
231
4046
6593
9943
7455
361
1899
4064
5069
6876
588
4701
2728
1942
4981
1078
3190
6249
655
8643
8912
8258
5513
629
1257
7625
5989
4274
9321
3176
256
692
5577
4438
8639
6218
8487
3450
9568
2213
8055
6659
5351
9762
8862
5067
5797
5481
6566
4462
9321
4750
8071
6591
500
9052
2599
6408
309
4865
781
168
201
2520
1507
4063
4100
4834
1803
3351
2926
6920
3240
7455
4794
597
9534
7426
233
9047
3885
8296
5882
9984
1322
381
1970
8495
894
373
8617
3925
4874
5199
3483
8688
7320
9033
8618
755
2304
6631
7503
5699
2942
4161
4219
8630
5910
2120
5440
1159
2607
3582
2515
3601
7300
5024
5302
8012
4661
6284
1589
3399
3956
825
5980
447
4796
7398
9907
9447
9846
9471
113
1763
3196
9316
6339
2148
9173
9521
265
6466
5304
5903
6793
7000
4878
2253
5641
5401
9074
9178
5948
1557
5990
6411
9063
5184
4073
403
5034
5783
424
6738
6443
5742
251
9986
9172
849
2329
1971
3469
2239
6768
3107
219
3889
5594
461
6739
186
3703
496
3613
8782
7604
4076
9058
5017
2009
6251
191
5471
9853
3555
1142
9920
9558
7149
6452
2878
4517
980
4435
8220
3642
318
9244
2950
8585
7525
2290
9091
2759
8724
3353
5868
9646
7145
9210
7901
3056
6363
2972
8960
9949
9381
407
4960
7272
7582
521
4371
7813
6923
6383
8980
6530
7440
8796
3006
8017
6122
9767
4024
7834
2524
4934
4802
5247
1091
4142
1234
2626
4131
7146
7862
7212
4572
7074
9131
4239
8241
7731
1495
6536
1235
2081
8769
4619
9173
8308
687
3020
1561
6763
2550
3155
6369
5772
2064
368
6987
6823
7960
2963
6188
9938
3867
4006
9465
8203
40
2495
3149
6350
4987
9058
1112
2063
8873
2801
7519
237
594
113
2096
9827
874
3316
8680
83
4412
6867
7449
8026
5167
1510
6160
1796
157
2244
5941
5165
8858
4259
2781
6954
7199
2108
6704
5335
7464
1288
6794
1094
7970
8144
1754
5801
9315
3532
2455
530
7176
8045
5088
8296
5199
1778
929
8674
5323
9564
1502
6235
7049
3426
5948
5333
1635
7577
816
2594
1954
7733
1136
4969
3861
5716
5655
5662
289
2378
8413
2380
5045
6712
3452
2408
9254
6717
9391
6803
9783
8016
5841
1673
5601
9562
4180
7890
4996
1830
1105
1935
3853
1849
4516
9553
2782
1120
7835
854
8786
7033
620
148
5366
5738
478
6333
3488
4583
3719
9970
4694
5241
9917
1318
6750
4397
8615
9541
1718
7508
4773
7071
6115
2528
3245
4670
2888
4765
1568
2131
5348
1029
4629
6750
3924
1111
4436
6701
7620
7309
3119
9287
3373
8151
7525
4672
8211
822
9379
4115
1013
7836
5769
8038
3000
7461
990
3294
8636
4116
2188
892
1545
4488
8111
5154
3244
7497
2379
2760
6034
1373
91
5475
5207
9116
9369
3491
9907
4380
7473
7256
6412
3431
4486
4415
2419
5256
6278
5081
5950
1116
2411
3018
7959
6872
3994
2530
3375
6288
1086
846
1386
1168
9191
3632
2076
4642
9634
6869
3197
7261
9160
1822
7806
1606
9955
1032
794
58
2505
2392
9891
2127
159
5215
4658
2224
6095
6898
5181
6170
514
1338
702
4869
8287
511
7263
6549
5059
8830
2604
4798
2845
5786
5983
8178
4544
6184
409
8666
453
8820
4820
354
8880
3845
4178
6913
7256
6284
6138
6171
9744
8126
3985
2807
2323
4299
6873
5663
6506
8411
45
4457
8463
2635
9676
1776
1156
2347
9263
155
3291
210
7065
781
373
6271
6998
9880
9976
363
8618
1220
5426
572
5320
8330
9575
6885
3748
7986
3040
2255
1556
7337
9364
4273
5096
645
2926
9387
3425
7995
4091
8191
86
7604
108
4687
9521
5377
9550
4616
685
206
2727
7975
6472
1182
412
8643
3885
3385
8492
9698
6526
2159
6697
6420
7979
1956
5418
273
1885
4667
5836
6199
2145
4156
5046
2464
4552
8218
9702
6978
9382
6531
8782
6530
2997
3365
8555
5702
5348
6772
537
352
9421
1763
6292
6511
8126
3608
1322
9292
3911
8785
3927
8001
6464
5347
3969
2982
4274
1518
718
6985
6525
1169
8636
8793
2837
7509
4842
9723
9688
1785
2264
4200
4013
2100
8050
4098
6442
8540
7650
2763
8901
4716
1198
8721
3901
2589
293
970
5731
6938
81
7430
6994
8224
3694
5647
7433
7744
3478
175
5858
6969
6252
4177
111
3729
7824
3752
4477
1531
5437
2245
8734
4694
5422
8367
8107
1231
7398
6344
8805
7432
5612
8510
9522
2983
2668
759
5318
3068
805
9112
6627
4459
1134
1264
2788
5808
1805
460
6471
8516
1934
256
2628
3447
9320
7856
3199
489
6445
546
6691
2488
1094
4478
9988
2473
5025
7547
8232
3215
6554
8442
7499
1163
680
2073
4108
2590
3406
7526
3889
8381
5310
8479
4491
5309
3074
7536
3921
5881
6700
5378
8880
5872
4415
2791
7205
8521
6931
8641
9714
7024
7610
9712
8125
2438
5361
8932
7358
2418
2649
6975
2467
7282
1843
8482
2773
3842
9336
8215
8312
4152
8359
4344
6637
5875
8202
5763
1217
3310
9705
7847
6214
3311
4267
6375
6225
8279
6423
2479
3773
9216
8047
2447
1751
5441
5624
4925
2824
3956
735
4688
2874
715
7864
6487
974
8055
2951
4715
4082
7430
756
4610
693
4235
8992
8568
3997
1995
2464
6747
1767
6487
990
4605
7137
6459
749
1278
1742
6527
9891
1756
235
9572
5732
2725
3139
482
2667
6624
3171
443
7042
976
8728
1167
7684
392
7041
1393
8500
6749
8660
3804
2630
9029
4415
9120
6019
8028
5731
5516
1919
2757
9315
5755
6873
4691
7582
1480
2995
3273
6951
3933
1007
1054
7113
3064
3432
9678
5765
2460
7539
8571
4908
5804
3265
6618
6807
1699
2136
3399
9954
7588
9446
591
7993
252
3415
6069
7445
9877
1857
2906
3284
7067
9036
2982
4965
7331
2774
273
9311
5545
4657
1957
830
3688
4224
6496
4509
8768
1402
6558
882
4234
116
1241
8276
7440
21
6435
2533
7740
2586
4370
212
4649
2397
3388
7327
3196
4462
6806
1965
4036
3566
5396
5837
9205
2254
1401
6733
502
9914
3332
1155
6385
6599
9802
3960
5019
1719
7590
9794
5627
9562
3776
9252
7677
690
4350
1270
7575
715
1970
2074
5550
5687
3713
160
1157
6400
5597
6248
4487
2264
4420
6927
1535
9105
9009
797
6438
4219
2402
6301
329
6344
3639
1183
6401
7797
2866
4499
3445
983
6294
3465
5605
1724
8154
9081
4383
7394
5268
6417
26
8733
6106
7728
3360
389
255
9164
5834
6736
6145
4726
5112
6308
4535
4342
5879
323
2810
6454
709
8206
420
9355
3811
5735
8976
9659
1261
9539
1420
746
4945
4990
3472
8811
3835
3266
7123
9227
5458
7315
329
1321
2462
5778
9250
5409
4032
8551
9398
1915
9570
7573
9876
8774
2545
1705
534
9958
5700
5091
5280
4916
4902
4290
6108
6009
7855
615
1407
8606
5608
647
9049
6396
9332
9665
9430
2704
2203
9883
6151
7105
6394
7784
2357
5476
8135
2616
8867
778
9631
1148
6198
1331
5188
2171
6331
3087
352
7894
1643
2543
7062
8399
7815
7297
4881
9598
4729
1975
8214
4789
4357
8296
2086
4805
7491
9357
4542
2023
1789
9883
2004
9030
2049
6155
5042
3648
9892
1596
5919
8145
4125
6568
6010
2032
4891
3886
725
4563
4464
4687
1918
5257
5034
2907
2953
8134
9124
371
9540
8123
1477
8725
283
6170
2128
8856
4450
2916
9192
3226
921
9509
6442
1663
1483
8123
5135
6517
3674
4032
1763
8820
3263
5737
3394
3112
4077
9554
91
4945
3400
329
9556
1681
4437
491
2557
4242
3456
5542
8994
4661
8124
5230
3493
1930
5285
6189
6336
6519
979
3604
215
2149
2841
6589
5805
1944
5183
4400
9490
4896
70
8342
4687
7774
3437
7299
4180
7010
3968
3167
4636
4932
3805
6169
6020
4755
4427
9007
8053
9167
8079
3134
3019
8048
4950
32
9253
1893
9009
5312
2460
8849
856
3723
2658
4905
4249
8659
2967
8778
4064
699
2744
5268
7377
5814
1629
3477
6059
5440
2951
9169
8841
7373
4640
3769
3150
8587
3306
6017
2172
8501
2456
6147
607
3965
8972
6581
3327
5289
2912
7633
4797
6011
4444
1453
3507
7785
8315
2551
4897
5755
637
8639
8306
9099
4953
1242
8316
6030
4578
1541
8542
2502
6022
3273
6393
9066
3929
1142
610
937
1434
169
9504
2142
1076
8679
6732
5850
492
5216
3160
9449
4005
7577
7933
4753
5896
360
9199
836
3689
5958
5106
9440
70
2763
8687
602
220
3493
6013
9272
7279
6028
5615
1991
2407
8896
8584
6431
7514
3660
2997
5568
8066
6848
3343
2574
621
4775
5480
2127
4730
5642
341
8786
1653
4624
5049
3295
3014
9330
8424
3261
918
4942
8952
5512
7345
670
7203
3613
4702
1686
1424
5531
1290
3659
4563
3233
5145
184
3328
8116
7226
6939
5083
3618
242
248
6306
9091
2544
1866
7196
7063
7449
6273
543
9417
7146
1534
9459
6656
6869
9879
7750
8453
9445
9541
8770
2971
2497
5124
3456
7061
597
9782
5892
9382
2499
8829
5234
3729
9193
1066
6142
407
1997
1054
5927
9370
1135
2843
5574
6
4345
3271
3511
8966
1931
822
5536
9228
9372
4261
1678
707
1125
3785
927
5149
9554
6278
7739
5814
1088
5371
28
5480
7613
6532
6955
4684
4914
7126
6235
5800
1506
1509
4904
7540
621
1612
4572
8782
5280
4180
1965
234
1409
6855
8311
7375
6781
6641
6539
8389
4183
5925
3569
6310
5678
3206
6107
5520
1075
7939
2216
8880
7792
1515
7716
3308
1197
9276
5970
8384
4195
1682
2000
4706
2339
6289
7002
6166
6073
6014
7346
3009
4849
3310
2923
652
8800
4370
3289
2580
2416
2222
6501
4301
1240
2662
4754
9389
6990
2415
2952
7888
8709
4565
1242
2018
7548
2381
159
4030
614
8959
7549
6308
4959
6766
9684
4373
6215
8155
5144
9311
7651
5148
8897
7343
4505
4431
5781
706
5315
1344
7107
5893
6678
4924
1471
2340
382
4523
1018
7142
2161
7418
7392
9079
9482
5928
7375
8333
1687
2066
6859
6598
9621
7481
3155
6015
3387
6580
9945
4310
6312
1072
6143
7871
376
4937
9856
4070
3361
9812
1253
9102
815
2133
3658
7840
6562
5048
447
7776
3912
27
6470
9961
6014
5426
6592
6072
7855
1813
710
2205
4282
6778
4124
6807
8143
5160
4503
2276
139
4149
1851
7195
7295
6560
5852
8910
116
9728
5767
4212
9413
1921
1671
9253
2571
2983
2208
8520
5575
941
3291
6668
1524
1791
4220
6331
8537
5312
2518
9646
9972
5848
6479
1151
7718
3284
4879
4978
4912
6143
6615
9799
7944
5630
9117
858
8800
6802
3302
9627
7932
553
4580
8069
4677
8069
3947
6351
6983
7573
560
9933
4679
1734
7352
4404
870
2937
4229
4179
4166
2776
9181
4231
390
1576
6235
2389
6194
3536
598
3435
8558
3177
5583
5199
3552
9176
2913
1194
4925
2370
7897
3908
8100
5750
3604
7854
7985
5611
3657
1663
9622
4644
1553
4122
9166
9765
5524
9882
8937
9694
1859
6764
4357
9949
6350
8087
2476
5761
3062
232
1474
6668
1965
7799
8067
60
2157
6123
5018
4778
5364
3668
4145
24
5217
4891
1118
9322
1372
7496
7121
3996
4007
6729
9029
5781
3406
3325
4123
3538
1419
1026
7562
4767
6426
4245
861
8652
1089
6317
7420
3703
2681
4095
6808
9685
9045
5146
2924
538
9351
9710
2458
2222
7743
745
9097
7022
9681
1888
5860
3763
5331
4954
2589
1584
1719
5739
8178
3441
5504
9288
7418
4362
1249
3577
478
8613
5798
3570
8995
9410
8034
6019
6492
4574
4668
9037
2431
1627
6947
9459
8579
6212
216
5348
3575
8452
8121
578
6591
2874
5902
3390
3782
8857
2700
1052
1905
245
1110
8303
1872
4677
3293
8134
1316
5520
6896
9652
9275
1823
743
9252
8034
4660
9801
8130
6810
1407
1306
1308
9510
3030
9046
738
4108
3331
840
7837
4310
3191
4989
8832
5131
7368
5112
9675
2776
6153
9181
5967
5770
9274
7811
7328
8685
4863
8873
4945
2003
1977
393
5675
1651
1230
1331
5973
9592
4387
330
4196
2475
468
5810
369
8780
2839
6889
8372
6194
9044
3530
6700
9982
2748
6027
424
31
5029
8517
8795
8937
481
8512
67
5993
2134
4657
7517
2302
7999
7868
8419
326
1224
6807
740
7161
5313
7248
760
4575
5595
6324
8419
426
8284
6832
6274
5450
8804
3865
2178
6613
1810
5855
5465
3244
6348
4794
1336
4955
934
5871
8388
1025
4971
5068
9772
9349
4924
4340
9377
9321
5892
7940
550
7093
1855
163
6428
3533
747
4336
7717
4906
3724
5235
5890
3804
1527
2252
7197
3195
4664
8653
5652
9556
8309
3030
1172
2054
7258
2653
2464
3444
1059
4866
2890
4971
4535
1885
1576
1930
4308
6384
1301
8711
7644
141
9349
2226
5978
5652
7429
364
1783
1115
2000
7814
4158
2475
6914
5022
5391
2316
6156
7279
8112
4322
5617
77
167
3725
9374
3678
2307
8739
7712
4598
1939
5296
1282
4181
4762
7593
8183
4780
4925
9917
8531
2193
3484
1018
4127
8931
4432
911
9186
6697
7310
1379
1796
7975
5528
5700
4758
6047
9916
152
8769
9957
7718
9714
513
5918
8302
3024
3191
9515
8175
7165
7228
3670
9531
1107
4474
5797
8565
7772
77
3820
2013
8579
2390
4808
2994
1050
2776
1873
131
9641
3954
4653
7123
2254
7689
6232
3483
109
27
4664
991
6593
5031
400
4545
1514
6043
1872
588
799
6842
227
1032
8051
3774
820
5707
3672
3902
3399
1756
9233
3553
5174
4118
9681
6239
920
7255
3599
8867
2124
4616
2241
406
2799
9006
1334
7726
3042
3955
5759
9182
2677
3484
6136
7738
6381
5239
8047
1862
8610
9878
9209
4288
1281
7783
7218
5810
9749
2738
701
3745
2870
995
9642
2421
1131
3354
6469
6107
2733
7316
8096
3181
1312
6143
499
4003
516
1764
1677
3959
73
8849
5847
7452
5162
8101
1605
8220
5919
7827
9446
6318
6732
4192
9497
2316
5599
2221
8634
4848
2304
1561
7236
8505
376
3298
9754
5226
1924
6714
11
3888
6274
7761
1668
9544
3077
4251
6656
5908
8023
6293
9558
2123
4663
4305
3863
7574
8933
1155
6844
6570
3955
9356
3395
8096
1429
9103
5579
4512
2510
7957
3882
7066
5457
8426
8179
5404
9512
5400
1316
2872
4510
1385
5827
9336
3522
3883
4830
8499
1474
5852
1408
7240
6122
7191
6884
375
9052
2432
7340
5425
3407
7451
9434
8448
1960
5857
1119
3849
3829
3991
214
8127
651
1939
3971
34
3349
6839
5706
7281
8766
3884
428
3055
1379
9912
9917
3936
9068
4232
9203
4494
3500
1420
558
2854
5054
1241
8198
5802
9416
1537
6726
1645
7999
978
9012
3953
7134
9871
4697
9573
1643
8925
8788
9828
6841
7771
918
4740
9253
7375
9761
6228
457
3014
3819
7789
281
7421
9348
4936
5337
6912
8524
2803
6354
6814
6141
4749
3098
6374
1086
8562
8815
7482
9650
4873
7058
5961
1325
5819
2546
9016
4146
619
4248
7477
5892
8764
3292
6877
9461
802
482
7140
5639
1334
8223
6654
4089
8757
9469
2858
3920
1541
1957
8125
8450
1386
9424
6659
4899
9468
2764
5441
8656
3158
3172
9813
3490
7121
6183
2199
3639
4465
219
687
1016
772
5786
2704
997
6250
1752
7863
3190
8981
3298
3211
9390
5335
2068
3568
9532
1945
2814
9426
7864
7344
2388
4953
5800
355
6337
9068
4933
6639
5544
3252
3567
4398
358
771
2780
5200
2511
3374
3509
6104
5707
3114
4432
4841
4264
8956
1548
668
5409
84
4248
9687
4932
417
9410
4933
7758
1737
4589
8323
4729
6057
3732
3689
4349
1366
4004
7540
3637
8742
298
6956
5282
2959
4793
2065
9322
3199
2516
3910
6275
5226
302
7227
5247
1486
5743
1621
4911
1004
4795
3937
7475
6641
1536
9265
5733
3310
1248
7917
1132
7092
8464
977
6439
1841
4938
7590
9997
6821
8555
2999
9871
6208
3159
7540
5208
8863
987
3302
9056
4697
3918
6951
1564
2149
7141
4337
5004
9834
8977
4959
2377
4247
3588
2075
9496
4560
9079
7310
6382
5033
2136
7014
7594
5288
1709
1243
2648
8842
8531
5302
7094
647
4257
8025
2003
5121
3907
650
4643
7187
7913
5032
5911
138
5596
196
765
5850
160
1810
6314
4779
6395
9982
8500
5480
6219
7013
2382
5973
3890
8208
2895
2169
2281
5642
2682
1787
3946
6938
1081
5734
5896
8497
3706
2725
4952
5402
5140
7104
1360
8255
8271
4272
1936
576
2510
2903
450
9090
9732
8227
2144
3195
1146
6041
1375
9244
518
2855
6182
9864
9161
3565
1264
8474
5941
4408
1333
4436
1180
5602
81
4771
6774
5038
6140
4313
6128
1642
6280
7287
6553
4663
7862
9844
3678
2981
7083
4866
2110
6804
6902
7470
9099
2595
8714
2101
8280
946
4810
9797
8702
6246
4447
7334
287
6456
4968
8250
650
1095
818
9505
9761
5595
7540
6469
8315
628
4855
3267
2887
5673
2818
5127
5949
7169
7674
4290
1645
2875
9535
1317
8867
5780
2294
9150
1616
2800
7270
8179
2879
5828
6029
6735
2353
5257
4529
2932
202
9016
289
573
8760
3355
6623
3977
1568
5164
3172
3993
4491
9418
9918
225
6768
9524
2668
2544
814
2777
1593
8330
8340
7930
847
577
6937
6968
6469
5975
5650
8558
1875
1404
270
6384
5043
1883
9075
1594
9206
2955
7585
4906
9310
5725
6516
602
9814
3342
573
1572
5486
3564
6986
1868
5800
3240
1757
800
5218
7032
8471
520
6239
4512
9239
7229
9399
6879
9813
4714
4611
6980
1277
7694
1185
4066
8833
1669
9675
7756
4135
5387
7306
4070
1420
1834
124
59
9214
3743
9285
2560
8816
2
5889
918
7925
86
8662
3111
2818
4623
1432
9687
5279
1573
2821
116
1133
9139
8886
1772
5682
8481
525
2566
7599
1608
1387
4502
6898
2370
8763
6856
4511
1416
9458
4541
664
9164
5008
9290
6776
4364
5787
8768
938
9690
1482
1432
116
9915
6263
3029
3245
2714
537
3991
8053
6902
7603
5679
1107
8005
2759
7381
4900
6465
4446
5339
8027
9481
1877
9636
4490
3534
1243
4756
6011
963
3099
4835
6854
620
6802
5209
4098
9585
3966
7709
7597
219
1856
8355
2878
4388
9324
2582
7179
4619
2470
4938
3469
153
4527
7326
9837
4382
4678
2273
1944
8996
3456
5479
4374
9318
8174
4920
2663
4774
471
2198
1541
8208
9415
5455
6507
7842
7890
2214
5233
6097
7000
4773
2478
186
3093
443
7239
417
4659
3801
3643
3495
1862
8424
7756
9750
9713
1079
907
5185
7052
2254
6405
1512
7357
3079
581
9936
4195
163
977
7344
3611
6716
4226
6766
8143
419
3619
7507
2303
5934
1752
4186
7343
2714
6709
8060
3918
6799
1244
8484
4857
8687
3134
7126
6682
8006
1495
2656
7719
9767
8194
9009
2721
6217
5719
6048
8733
2989
2869
7485
4648
8141
7428
7229
7318
7939
671
2022
440
3774
1936
5140
8493
514
2805
3247
6937
7710
9485
6065
1617
1642
8867
6423
4839
7934
8450
6453
2969
1630
2807
4253
527
4025
9616
4134
8781
3315
6386
2770
2580
9162
4992
2970
7823
9662
4846
6631
3331
2864
7150
8475
5143
3997
2026
2580
8309
3871
7545
4453
1054
3517
4647
2384
8931
5084
4824
3180
1984
9255
8000
9026
6285
4970
6570
4175
2285
8163
7746
2446
6354
2354
476
9108
8592
5464
5078
3614
9550
4011
3416
2865
854
7961
4957
8227
9882
6969
9399
3326
6619
1439
9642
3830
1636
9940
9874
4886
7686
7848
2266
6623
3902
787
2365
3267
723
417
7650
6775
5806
9450
5912
1641
5952
7366
122
3510
7799
8245
4304
630
498
7389
520
3765
6848
3933
560
7200
5520
2551
7156
711
5887
8500
8657
9995
8696
6791
7924
914
387
8036
968
1159
6199
668
3308
1442
7372
1650
2388
7167
736
5537
2501
691
4761
4815
4629
3723
4766
2800
7367
9231
1365
4072
6659
2250
501
6410
1476
9455
412
2497
9757
8016
781
9287
3928
5318
1926
7854
8170
2442
7430
6803
203
5966
1836
7838
8836
4615
6199
3017
4761
9528
8150
9332
6166
9562
9890
7807
2613
5875
7056
1083
337
3316
3764
5571
9598
9624
4292
1723
104
7304
9844
8662
3583
7183
9647
7530
3584
7122
9196
1216
1327
4128
4932
6868
2989
3207
3809
1545
8214
1687
8291
695
1804
3462
2162
3749
606
3636
177
1071
5365
368
5092
1721
3024
7392
8877
2076
8325
7628
1043
1199
4891
5587
5903
40
4982
3867
2330
8040
4061
6912
4134
2523
945
3449
6485
3372
6872
7529
4034
7930
7116
6928
9312
8787
6922
6832
5811
204
9464
6186
8740
7253
7332
3847
7867
5487
563
1799
1084
7885
3687
3062
4388
179
1382
2653
3799
5261
7411
977
7427
2299
4288
369
1356
6443
1775
7157
1331
570
756
3566
3309
1349
5293
6089
9867
8137
9744
9500
6187
4668
9704
8617
8887
334
5227
3121
3284
9960
2297
4256
9904
8411
3853
6092
8967
9116
4772
8167
2410
3642
6207
793
6601
2836
3394
9088
5299
8717
7652
6874
1680
300
7648
7004
240
5850
7231
366
4287
8676
7126
1851
2366
3492
5601
7920
7463
5653
8879
7034
6106
6085
5476
1188
599
643
9947
4062
6534
3765
558
8896
9452
2833
2311
7074
9078
1418
1436
6653
6883
6731
9976
8556
2934
9017
9415
7023
916
8392
426
35
6054
7649
1773
4909
9232
7972
5165
4033
2036
8136
4401
5781
1680
6784
6585
6083
1791
1688
322
6794
4927
9507
875
8080
5319
4475
5047
3328
5837
4734
9198
6774
1465
545
2263
5995
2673
9497
1877
3673
5982
14
5813
5649
5752
5955
2795
5167
781
1910
6460
6437
1616
895
3757
4148
9693
3622
4390
9435
7353
1216
1022
6915
8615
1342
961
1901
4154
1062
8742
1661
379
8421
5646
9687
1707
8761
6540
7326
7199
1062
6662
2858
7539
4240
933
4108
6054
3249
6258
7039
7895
82
2852
9411
4843
5340
4137
5544
9265
1876
5961
5537
9685
3228
4993
9821
2162
6044
3028
7897
6194
7490
8631
8251
1241
5791
48
5029
99
4434
3659
5839
8372
8356
361
4228
5043
3463
8216
9845
7765
9213
3489
9055
7928
7664
3720
8881
4742
1402
5918
7534
4655
7042
113
5519
2273
646
3544
2312
1593
6308
3572
4957
1862
9415
8025
6580
658
1640
175
4764
7889
5607
1748
2036
8326
3325
1487
3261
7016
4009
8652
7690
1453
3700
543
6568
6754
1200
628
787
5235
2311
9218
6856
9783
7060
1716
3651
1176
2691
448
6846
3152
8552
4842
2720
5404
7683
1273
8093
3928
3937
8300
8589
190
2717
5200
3093
5422
8093
1727
8320
4031
8952
4842
3752
584
2089
3784
3828
8123
711
8321
1262
1658
2695
6266
2624
9612
4101
5404
4909
7724
9978
1891
9713
4440
6251
1856
9873
4198
3655
5460
1915
5158
7071
2983
6533
920
1369
648
8427
1557
7955
9839
6345
7906
4537
7125
3892
4451
4336
4077
1806
390
9966
5256
2772
5492
1500
9926
559
7236
7858
8093
6319
8341
5595
4251
6173
9337
9407
2884
5925
9060
4224
8199
639
7094
9631
6838
9148
6083
3552
6386
6115
8578
3602
4364
7187
2599
1339
2118
5970
2482
6757
5506
5122
6713
7803
9604
7651
2455
2427
7813
8684
7239
8746
6657
2433
1931
2272
6361
3851
5458
7830
3846
9565
1043
7772
9159
8068
5715
7448
8584
4876
9731
3442
7654
4366
192
82
5121
6363
3644
4936
4587
2181
5712
4566
3924
1805
1939
7706
3893
1151
2927
4177
6419
5950
8570
4374
9898
6695
748
5956
3571
7299
1185
1483
5534
8645
1345
3186
9280
7040
4213
8799
1780
6738
3606
5428
2070
5163
5261
6816
3089
9236
5366
3036
1041
1293
6408
634
5993
3489
7294
5568
4569
294
4506
879
640
9708
3759
5999
2731
5167
7085
4813
7472
1750
8552
5159
6921
2285
2969
3326
3776
1191
5791
3296
2644
6515
9202
1937
7341
3499
8890
8204
3964
6247
8376
6503
6935
7565
2912
1793
570
892
2982
6778
1841
2413
8177
9554
959
5863
5869
3497
5167
7352
5481
9803
7687
2600
8422
7140
8171
4375
5755
2133
3189
3664
551
9051
5308
4087
9536
6988
7122
5450
9107
8066
2247
8952
4101
764
8727
3539
3808
8321
1568
155
8594
3364
174
8259
2298
6400
3373
6851
30
7606
9370
461
8422
8489
536
9114
5496
2410
3205
71
324
699
823
8351
8427
4177
4726
2450
7480
8224
595
1491
9289
3267
186
100
8250
1496
7343
7717
3529
4993
4481
9755
2064
10000
753
9054
2149
7054
5917
7404
2842
6918
4561
8580
2739
7802
3815
6268
2735
259
3889
2562
1341
2279
4903
5288
7818
8649
5317
5304
7980
5418
6992
8158
9802
2431
9408
7991
1219
4344
901
5427
392
3254
7902
5324
9592
4160
4112
4740
7384
7804
322
6234
264
4165
2128
6720
4099
3845
7212
7461
7766
3891
6021
6563
6260
9241
9728
1285
8165
887
7129
3866
2916
7105
7820
1213
6513
4661
2396
5730
505
2759
1717
1888
7931
3695
6317
679
1671
659
3958
2029
5177
4945
7982
3440
2921
1947
1683
1676
8051
7739
4172
3110
7740
5802
1414
7548
2487
6493
2005
9761
4250
245
1057
2775
9688
9150
7102
7013
9031
573
6343
9825
8146
770
5738
624
1184
6072
1447
7890
3912
4163
1976
5627
3262
8186
5994
8530
6957
2007
3239
7053
8154
5801
3198
5869
3976
7338
313
1791
3524
5806
6347
120
496
1848
249
1608
7919
9594
3363
5739
7626
3887
3140
9880
5133
8680
1669
7992
1315
601
6257
7067
5937
5080
8086
4222
4453
1099
1511
2473
8774
4626
980
8612
4688
89
4725
2329
3525
3890
4404
1727
3284
3867
7690
6743
4934
3859
6435
8622
2898
3103
6481
544
4814
6044
6461
1816
4609
9317
2005
5577
4618
9182
8621
7913
7059
4462
1273
4468
2486
7185
1136
9153
3054
5541
353
8419
1364
1522
3763
3695
1481
8660
2492
4049
7303
3668
8081
919
4885
9428
7383
6843
9536
5819
7854
521
5570
9134
51
1233
6428
500
9182
6714
5557
8597
334
9852
3916
2267
2686
1303
8271
4118
6437
7007
5528
7132
2426
1932
2296
2434
8538
3901
5581
7905
8809
4299
49
4104
917
5654
9674
6098
5186
9609
6730
7226
3591
2647
9064
3562
389
1077
7404
5908
6922
1248
8026
9517
1916
5752
2547
405
5186
1433
5815
1151
6997
457
4935
8334
7578
1370
7305
8432
1270
3142
3201
8884
7610
1484
8939
6316
7295
3424
9934
4436
4417
3048
9058
9
7621
8617
4653
6499
1903
8845
4236
1433
9650
4028
4523
5389
4241
5928
5711
7590
2005
8826
8152
5553
8682
3033
2515
3955
4652
1250
331
958
9156
7668
409
8589
7476
9465
8057
7461
6637
427
8213
5117
4556
6849
707
1568
4766
6564
5650
5247
3869
2987
9693
7498
1676
7373
9290
3988
4626
4188
5474
6974
1535
6396
5701
3234
6991
9786
2252
8643
1747
8024
3418
1877
1402
3033
3224
6540
4312
8503
7808
3108
7210
7865
1729
9530
2316
1905
5464
2086
2880
5330
6147
6109
5016
6088
7196
9615
2469
5973
8898
1504
7516
6199
1252
20
5605
6958
2401
6481
3492
5743
850
3857
710
5222
7329
9764
1955
7770
2625
8648
3673
455
1028
8494
1525
1209
5101
3292
6713
4180
6441
3628
8187
9900
8785
4310
4656
3734
4395
9703
5020
4351
1980
4603
8348
2441
4596
879
4853
8764
8930
7880
7437
9755
3189
7659
9350
8373
9381
4410
7243
7671
7232
1229
480
4625
1180
6284
6955
2192
8939
4796
2861
8250
9997
2831
8863
1132
5035
3875
7949
2756
2784
9362
872
2064
9087
9911
3547
3388
4059
4902
7007
6678
7149
4162
4622
9091
6629
7083
3148
354
9588
1256
3886
7514
852
4844
7716
8235
4425
4340
3139
5600
9025
2120
9533
1589
59
6221
8838
791
4027
8181
7595
750
7712
3433
7872
395
3786
2766
9969
3417
6459
2626
2016
9156
5702
6713
1553
9623
6184
1202
2050
7556
7602
1205
2915
7137
6315
6610
5009
5893
4349
1338
4950
3609
705
1210
544
1686
1693
2138
6573
4229
1480
2125
4878
421
1471
7725
5168
6206
7240
7993
3317
2200
4759
6756
2042
3843
3435
7031
4813
9319
2071
9841
7584
506
5294
3329
4537
2325
2216
7069
3376
6270
6130
788
2952
4574
3905
6329
968
2536
6401
6608
2356
7846
6718
5579
9558
7398
1360
8756
4370
4050
527
4733
7287
8068
7646
4308
4354
557
4976
5317
3393
9127
1684
8095
1223
9195
3125
8583
932
7907
5225
3564
3641
1459
5857
5217
2310
780
5886
261
6067
4962
6143
2325
2344
6657
3049
4853
633
8671
4780
5853
6078
6474
1961
5112
3330
6968
1691
9104
1076
9961
1385
8761
5480
5072
9395
521
6439
3480
2661
1608
3959
869
7747
6398
3245
5221
531
1872
6170
671
1553
6678
3656
6551
8562
121
8219
8971
5150
4510
8417
792
4541
6741
7287
4701
570
2725
4968
3233
3679
1334
1668
9061
8374
2898
897
8651
9978
981
4443
2440
2769
5150
9967
5144
8619
6757
9288
469
5100
9372
434
5548
4712
446
9363
1760
2325
1016
7887
243
6270
5832
2785
2351
9572
7132
7342
7628
1755
1515
643
4404
8384
804
1803
1059
5036
4643
6046
9204
4743
4660
7032
3534
3137
7482
5166
6981
3486
6608
4746
3915
4599
1236
3769
8608
8210
3468
8964
982
8822
4039
5190
6702
8265
675
2739
4107
9236
2523
8253
6186
6941
8690
5004
1818
5654
8875
6090
6827
7446
9311
9737
2081
3657
7809
9349
2804
5785
7532
2205
545
1358
357
9769
6850
2126
7120
9483
5574
6402
3899
2580
8985
4776
570
4994
1333
8562
333
8736
2406
3346
6609
9285
2732
5757
6824
423
1555
225
903
1777
8502
3875
6020
5846
9906
1954
8139
701
1209
3225
5162
1754
7519
4602
6150
960
5480
6991
6005
4695
894
9754
5227
2138
8240
9526
9954
4459
157
202
8311
1377
7245
4841
5338
5699
1138
6946
201
8366
6694
8143
6233
6208
2350
1607
6466
2140
1232
5776
4739
2816
9442
853
5205
1949
2096
1402
1148
8395
2133
1933
7336
6897
1729
8797
8890
5945
1188
938
3561
1587
5631
4091
3690
8235
5471
7866
8690
7508
2738
2819
8845
3984
1600
5114
6472
2371
8127
9625
1024
4039
1268
8489
604
2136
4323
977
3530
3557
3741
2336
87
2954
10
3741
6412
8636
3597
2897
9576
2744
7426
4966
5353
8396
6229
6486
7914
4638
2236
735
3751
5972
6157
1600
485
7017
2166
4427
4904
4398
5687
6549
3580
7370
3199
7246
3704
5868
3959
6720
1408
9691
4608
6368
9772
5337
8916
8073
8951
7658
6621
8562
6433
1944
7239
5967
6288
8298
7016
9624
2451
4244
9791
921
2595
3394
5413
2487
5938
7702
2593
5414
447
8325
6579
9357
2352
5452
5892
8315
3606
599
6512
5723
994
5779
6344
6059
3961
2784
7609
6595
6919
2306
9855
2161
5768
7075
1699
7815
7687
5364
5131
9171
7876
1208
2227
7810
6842
5527
451
9672
7081
7976
9391
7615
8562
2772
8729
5429
8287
3041
4510
9536
374
7259
8389
6275
9633
8291
2410
7297
3359
192
92
2854
3252
461
3131
3022
1750
5758
1857
9807
4824
7241
6728
8908
6358
7591
7623
8517
7581
5606
7464
3932
8707
5766
6772
1001
8945
9589
6187
8457
5329
2785
4673
9054
450
7220
2169
2074
4104
9532
6771
5262
4105
8869
8203
2543
7074
4676
1265
4955
888
1706
5254
6176
6645
3506
7921
733
9508
7520
5435
2523
4580
4651
3042
3648
6108
3603
4616
8700
5708
5697
3158
7646
8087
8946
8441
1222
764
1143
2448
6375
7682
466
8052
5688
5263
8693
1455
3962
3488
6479
4303
7171
3832
2360
7126
3851
581
7169
1754
6659
1908
3343
6709
2311
2399
4260
6235
1403
9225
2177
556
5717
57
4620
2274
9533
1991
8109
1365
3202
7243
5039
9162
1767
3180
4193
9904
8778
1382
7885
6970
5602
2846
9074
9755
9539
4208
9883
6279
9798
2883
8943
6110
9034
7432
8732
7930
9540
3124
5624
6174
7420
1643
4796
1583
5113
8227
9293
1196
2497
9132
7586
4364
9444
7224
6784
2679
8220
3791
9264
3391
2360
176
8977
7805
9798
3744
9900
8482
1925
8834
3225
1610
6973
4889
1701
3817
5691
721
9315
5958
9587
6009
1939
9847
7229
8561
9931
7841
2035
8606
6816
9247
5784
9445
9089
2051
5710
7144
976
3197
9405
676
4537
5764
1037
7841
9898
6772
4405
1686
2579
5067
3195
6689
4906
4752
6503
3951
6317
5985
8136
9868
3002
1609
1498
3308
768
5019
8003
2200
6272
1995
5821
1602
853
6763
7538
1835
8065
492
9829
7062
714
8619
5592
1802
5705
1929
9181
5330
5356
5161
8330
1616
1924
6048
2156
5557
8076
7176
3249
4588
9779
2810
3255
8469
9657
2933
5584
9009
8252
7136
5948
5833
7815
1714
1230
3872
8277
4357
9917
3228
7858
2137
2761
2291
1410
178
635
532
8051
328
7669
8292
5877
1439
1649
7046
5650
5466
398
5123
7214
6455
2404
670
2090
2750
2297
5767
3245
6240
6972
3034
8297
6318
6088
8804
5605
385
1527
5013
3609
7162
3935
5302
2548
3896
926
9530
4276
3583
746
4882
254
3774
7237
1057
12
4215
6779
1647
2378
6616
5584
3751
9590
6161
6169
3110
55
1049
5134
2602
8942
3288
480
7809
7090
1268
5607
4548
7744
2205
8875
9759
7558
465
2135
8934
2967
5973
9008
410
5555
5457
3838
9260
374
8090
5244
1279
9297
6282
3963
607
7420
1777
3304
2905
4328
7064
1933
9673
3558
2114
2938
8315
3037
6931
172
6825
6409
1062
2726
1641
226
2275
1035
2079
4776
7915
3615
5070
6945
4147
1717
9429
1990
204
280
9779
7328
7074
7481
6433
5542
2623
1929
9025
5659
8082
6056
8478
1503
3981
6639
4056
3378
7224
8558
9621
4694
4742
5826
6003
8282
3393
4794
4444
8076
188
7959
9412
612
1717
3284
7817
7359
6741
3116
5596
3289
1312
8870
1995
9284
1479
2473
6454
5994
4703
3244
2954
4568
7396
9348
1930
5343
2682
6275
390
8983
9434
882
6780
5866
899
8452
8287
8546
8836
1968
4794
9030
6981
7320
5471
7301
5852
5531
1158
17
9464
3256
8064
8660
3333
5760
6109
4506
2316
2426
8253
3793
6273
3380
5545
158
1364
7287
6290
3032
4806
4590
6760
58
1392
7476
5126
8768
727
7752
9968
7817
5207
6444
9609
823
59
4427
8773
6579
8466
1684
4647
7768
6705
3885
5255
6646
6549
8909
9264
167
4741
2657
7840
8959
2267
3019
5942
4220
9361
3262
2608
4146
5691
1221
7184
6784
9039
8687
1206
9387
9902
6157
3703
5249
3937
1735
1042
7796
8936
9368
1150
8246
8090
839
5900
7570
6730
7981
4794
5656
5422
6437
7667
609
8336
9932
4079
8914
2124
4528
2316
2862
7220
5614
1452
5058
427
6483
5819
1091
4907
6267
2400
534
1330
6737
8153
3314
1782
1993
6090
3195
6292
2457
6053
2622
325
4719
8537
3503
455
1773
7700
6629
4572
3983
2710
8396
2422
9698
4976
7246
2095
5881
2490
3793
8126
3317
1478
8039
7281
8028
9902
4221
8846
361
6939
8876
7205
5892
7518
541
5891
7761
1227
94
3892
8343
463
9247
7002
9279
3579
918
9242
2773
4927
9307
2003
3835
5247
9359
1421
2644
2601
5039
7751
8606
6208
3301
3998
2800
2954
5987
4914
3524
9099
5034
1627
418
7753
7273
1619
6256
6063
3925
8547
1919
4758
6405
1509
9273
6642
4483
8709
8729
9994
5023
6256
3123
7400
9526
8798
7199
510
6549
5054
2478
6434
681
7965
570
2059
3220
6138
4098
8438
951
525
3322
8584
8490
7881
8272
8480
6565
444
746
2955
3265
9480
7872
5163
7846
8876
9118
848
6955
3797
1596
6330
1314
8561
4299
2185
6816
7382
523
2976
7764
1356
9132
7063
1563
5213
9560
9534
3532
7698
2475
5565
7728
204
7901
1196
4682
9286
5234
3379
9733
9
5093
1441
6346
8771
1228
7646
7170
6165
1799
5415
1930
2741
3267
9929
5247
3119
6884
7357
9425
6789
7260
5741
6894
7165
4904
2701
4543
3964
9736
2532
7484
7845
608
8049
2907
374
6606
548
5675
6841
9554
4655
6020
4254
3532
3492
6314
1900
6445
3603
8241
7266
751
8377
3915
5843
5271
3324
4494
9336
7698
6504
7657
3171
7885
2635
941
805
5294
9977
1406
9340
85
4954
3329
8199
6235
655
4709
214
6826
1850
263
2384
6147
971
3264
1753
652
6608
1113
419
945
8529
9826
2474
9955
955
785
4882
8268
8882
9023
3712
6158
625
6084
6957
3312
3419
2077
5235
1426
7922
906
2079
1943
1769
9888
6240
1010
1938
9956
9426
6424
631
5462
4285
6818
9606
3261
9036
1604
3459
9168
7167
1321
3236
6163
2847
1938
7897
2788
5324
3390
2709
2048
8457
2176
390
852
4764
178
2987
7522
6869
7073
9887
215
3086
1623
103
2266
8034
7979
5039
1369
3613
6706
1303
8301
474
6654
1820
7462
5194
3043
7494
5873
3760
9160
970
9495
7694
3916
8665
5711
5159
5188
7185
8681
5736
9350
5451
9855
4218
663
4469
9438
5704
340
2493
5806
1585
3982
4550
8993
3575
7818
1772
1207
854
8742
7789
2077
3600
467
6568
8795
4716
8297
8486
1685
380
7995
9215
3833
9221
11
8997
9372
9373
8949
8314
8774
2422
9545
9586
1077
3382
4690
3571
2355
6202
8036
3413
6933
5042
3615
8919
2870
2569
7523
8583
6050
7866
2246
7094
7840
8206
2461
1661
9754
879
2263
1319
4798
3575
7686
9577
9237
4378
5108
2278
439
5346
5676
9320
6118
6862
8242
1023
7830
3457
8459
7358
6879
5666
9670
992
3940
6589
2025
3170
4653
6346
9827
4800
2184
2337
3587
3831
4346
8343
2426
3960
7237
884
4551
9044
9564
6974
8381
2209
1821
3440
4531
8546
2323
4284
9392
5593
7710
9267
4283
6287
9022
3802
304
4985
5661
7556
7890
8324
8655
6738
1834
9183
1521
2946
7057
3805
1724
9658
7775
9278
8210
5992
2874
992
862
6179
3274
7430
5826
2352
2881
2721
6605
7724
3283
5737
4598
6988
3811
8211
4316
873
2791
3340
7895
2179
2837
641
728
1347
2937
2453
5042
616
2695
2412
1080
7177
9604
6458
