2640
16
6570
4064
8667
1691
7970
7299
9591
2457
5721
4130
2342
379
1220
8607
8039
3430
1054
2784
1536
2803
3836
6585
2939
5387
5111
5644
9242
2985
4797
8050
6301
5112
3822
6629
6218
6884
6637
9415
2856
3393
4098
7333
8711
7246
6835
4716
9623
6471
2703
5292
9955
5887
3139
3510
9738
6193
2343
8697
7045
1560
63
7412
3388
8266
3490
7587
7272
4087
6258
6576
1216
547
2873
4057
549
7900
5017
9895
8029
5760
2158
6530
7002
672
2604
5226
7173
5583
2755
5623
1340
5198
1667
8407
8432
5480
5252
1649
8110
5180
9437
2379
4783
2236
4442
6296
4429
8093
2953
183
5878
8573
3429
3521
9299
791
6036
8131
8597
1781
2774
7193
1105
6015
5237
7941
7520
5772
3174
5535
7403
470
4485
9112
674
8471
2645
4893
3591
7635
668
5347
8407
8957
1674
7880
9574
965
4867
1304
5739
1274
2340
3422
6010
5658
6467
8454
1038
4317
9858
8763
4260
9645
9882
1355
6385
9715
7533
5952
6621
6967
6113
8118
7462
2119
8602
7853
5962
9205
3867
1353
3323
8817
940
1233
6354
3127
7460
8395
8913
8075
3095
6944
8793
5213
1241
2085
5655
8143
2652
9754
8633
6230
2753
5910
7989
1310
373
2860
3813
1508
9358
9773
6195
9945
6121
4623
5488
5099
5566
5204
8361
3931
5014
7568
5167
8457
773
1279
6835
1404
4813
2179
4953
6839
9654
5056
7032
7205
7998
536
9998
9054
9927
2798
8933
5983
4526
7330
4757
8746
4716
788
4128
9327
3733
8299
7161
7878
9243
7017
3760
8876
6370
8615
7300
5558
4073
7534
5227
9796
240
6270
9718
7901
9637
3755
7971
1556
5414
7997
924
7064
9263
9502
1235
5396
7509
7763
6223
143
440
9084
9119
430
9994
377
2465
1067
6544
195
792
2769
9012
5249
5806
1185
3742
7917
6216
4596
6686
7840
6103
6688
319
8625
224
2600
1388
8841
2027
3532
8138
5079
319
7690
5948
3624
3495
3037
8467
6491
6027
393
7282
6998
539
3820
6900
9855
170
8855
3413
815
196
8219
4594
1340
4900
8861
6358
4461
5528
3887
5555
9012
7860
7790
1864
773
3375
3704
2195
704
6304
6905
9469
2418
9943
9687
3883
3297
9546
8915
8857
6280
5816
9044
5731
2212
2574
201
995
5886
4521
3057
7322
2412
6198
9633
5018
4416
1209
1939
3621
4678
1561
8391
4344
3331
595
1339
2794
3473
9388
7694
7999
4164
5727
8659
8147
5168
6812
3869
5617
3506
1696
9847
3940
7929
7120
2656
7104
3736
899
9819
7271
7042
298
7174
435
4521
8938
2194
776
1976
4693
6459
3567
2634
2768
6494
3370
3972
2673
3983
8934
132
5197
3464
8749
5436
5611
8085
1511
3424
2333
1703
3883
4940
6073
8701
3920
8270
3080
1237
2227
4114
7526
7335
4555
8257
2291
2229
8875
5208
4458
9662
7195
6782
1676
9466
7385
635
8222
2695
3097
5093
5059
5801
505
8264
6490
921
9034
1407
7105
209
9514
8758
6640
8314
7254
8670
7090
8622
9424
3754
5951
5659
5843
976
1849
8206
9746
6160
3939
5074
467
1193
4473
8249
3073
6376
4700
6176
965
4840
7878
3313
6184
704
9598
768
8774
7745
4831
6828
904
764
3166
5499
3663
7525
8557
5784
4456
5180
7555
4378
744
1433
497
9678
1508
7340
3390
5582
1257
5606
4352
9406
2675
5520
7389
9453
3073
3253
7988
4225
6665
4146
9589
7112
9432
1823
7318
7488
5823
7500
5535
1592
6850
1690
8761
4290
7298
9651
1280
5915
5708
1405
9376
6698
4535
6902
1548
5023
9479
7033
6268
4730
6354
1538
3922
967
1071
5637
9385
3749
3310
8170
4390
3291
7274
5429
4287
1426
3586
6462
2116
8998
4774
7643
3998
9948
3128
6528
3776
9039
3714
7654
1551
1628
7258
5790
328
710
7294
5399
7306
8582
3488
8585
1542
7899
8357
7618
7667
9643
7761
2313
6164
3582
6465
6975
4277
165
8851
6410
8060
1479
1426
5587
5315
2889
8141
2940
1176
6293
1759
2998
2976
535
4507
88
8693
4450
9058
1144
3747
3282
6545
2360
4207
9732
1749
1346
583
6800
6847
3749
5287
745
4208
865
8569
8994
5578
2692
2282
9617
9718
9068
8193
6138
3056
76
7700
3846
8234
5730
2810
1544
3578
4102
4033
5714
2450
6528
9410
2446
5216
8288
371
6179
8127
3253
4288
3255
2799
1399
658
2658
7168
8781
7722
5847
3824
601
8935
2615
4418
9348
4254
58
9511
1612
9435
7375
1651
9166
7678
38
5727
2164
1866
3064
4745
4911
2340
4640
1019
7536
4753
8107
2501
137
4843
2497
1466
9474
2164
9177
8087
2138
2777
4957
4588
2263
1703
34
6590
6314
9545
2542
7036
2264
4086
143
4652
5563
6920
3089
3286
9682
7194
2504
655
4758
9413
2240
5064
3871
9908
2597
6445
2825
7054
9450
3739
5959
3617
2862
4067
7481
5705
5163
393
5078
1728
9621
3484
161
6484
7345
808
6996
39
1874
9762
1174
8420
8003
5090
6434
3316
3850
693
7629
926
2890
4165
6860
5944
5767
8336
9169
5204
35
7858
4050
6987
9680
451
9052
6176
5270
1800
2198
2511
9857
302
620
9042
5428
2871
3874
533
9577
5808
1690
7075
2354
5427
7615
6429
8783
1514
1916
9741
3417
3014
9435
9176
9486
9364
644
2761
6668
2816
7046
1251
8347
6752
5320
4201
1319
2547
8077
7571
8346
2816
2976
3208
6707
2032
6087
1291
3950
6474
9833
475
5399
4177
652
6846
6700
2159
6570
2058
8610
2590
316
3056
628
1733
9285
621
4596
5542
9706
1676
9413
3567
8703
739
3180
8524
4582
9217
9699
2252
2651
7336
2090
114
1132
2405
7486
4922
9357
8873
3255
8372
8278
125
7002
2668
1598
9386
9733
7516
4304
7198
3979
8015
4249
5971
6438
7071
1581
7855
7742
1941
256
824
320
8250
5681
9239
9025
6414
2591
9425
8170
4769
7677
7804
2933
924
2211
8993
2715
7839
899
3961
8954
3987
4574
3777
157
7551
5961
2810
2450
3096
9735
6323
4835
5386
327
1325
4519
9098
3582
6286
9155
5078
1210
4829
9673
3467
230
912
9476
1546
3107
8128
3214
9462
8130
3780
1093
140
3734
9136
2742
633
4913
904
7997
909
4672
5358
705
2664
8530
5803
5565
5127
5505
6073
7403
7013
4711
7643
6853
3803
2734
5578
6358
7346
3283
9039
5655
404
7264
5333
6468
2230
8397
2632
1980
2505
6753
5364
7864
54
194
8038
8131
9613
1600
7784
865
4675
7947
3268
6031
6871
5882
7767
9974
2748
7224
7224
8976
6881
7007
9836
7297
6223
6117
2373
3466
4374
388
9823
2329
5986
8055
9194
9283
941
7920
5337
7497
5118
1261
6512
8489
9565
1550
101
1394
2754
7389
4306
6489
1174
5728
17
4095
2016
4363
8101
843
7940
5033
1287
1496
7982
980
6552
5973
557
5758
3470
8069
4203
3300
6301
4449
9222
2740
2807
9957
8703
5373
731
7996
535
5240
3671
2817
2969
9331
1705
3903
5065
8137
8496
1335
9893
2394
5896
4996
2792
7251
9036
9815
9145
818
9812
3822
6159
60
4298
5764
962
3345
106
4239
2955
5626
3016
887
1810
9162
8292
6040
3763
9992
1004
6397
7921
7942
1450
812
1195
5859
6240
2071
5157
1977
3035
9658
639
7824
7043
945
6202
2966
379
5977
4752
6969
1184
4086
8528
8482
7998
8944
6412
1087
6292
2327
9149
5655
8308
5870
7373
9346
4390
4407
4605
2128
3831
4088
2334
2662
5940
3412
7172
6805
7522
5555
659
3581
1217
5934
775
5443
296
9802
468
1965
9388
870
2564
8618
7364
3428
2330
5256
8135
7265
8652
2111
7481
6777
2285
4616
9181
3121
4979
2254
1711
976
6408
731
7558
9576
6768
1268
795
992
1674
5573
4989
7384
2582
134
2746
2879
304
8891
213
5091
1419
9039
4753
5869
7367
751
1622
833
3855
7944
6009
2476
3826
3877
51
2167
689
2287
555
2284
9778
2115
2080
849
5074
1391
1747
7569
5102
3792
6694
1970
6624
9595
2449
1431
7254
1252
653
9374
8442
2662
7546
1592
8414
386
427
1757
583
4479
7887
5533
6743
6411
1048
6374
5894
1628
7256
5121
8944
4714
4723
9762
6739
5818
6468
1406
3876
8033
4566
7393
3560
6764
1203
2739
9440
3772
1307
6675
8761
517
2666
1879
7460
7744
3308
213
1898
801
2690
257
3794
3110
2766
8736
4641
3396
7360
57
3389
5835
3427
5621
6486
6098
5790
7279
2527
420
7689
7414
4701
9303
3133
1445
2963
2215
3418
7267
4477
4749
9425
122
5203
5104
3354
704
7756
2457
8382
8915
632
5836
2442
5634
1727
8411
2734
93
4739
8813
946
1015
445
8014
5202
5531
6139
7601
3698
1100
5575
2860
6730
2105
8645
1971
8325
4659
4718
862
6059
224
6093
1748
7825
1110
8299
2272
7252
8657
2168
1265
5319
7953
8501
6640
4268
1315
9942
704
1351
6445
6222
8236
4195
4159
8355
3119
6571
4906
4512
9991
3235
2894
5370
8425
5172
1591
9499
8485
2040
4610
26
8144
6912
1523
2247
5027
9514
9047
8105
7204
8082
4216
7552
361
6666
7628
8666
1562
4281
1698
8129
3039
4632
941
1138
2963
328
8741
5182
4004
3452
7829
5229
4607
5182
9720
8824
2416
717
1749
8358
4016
2216
9017
4334
265
1674
2564
7850
1903
7683
4371
2714
5805
4907
4439
7606
8309
2752
5105
6536
8352
180
2999
1486
9821
6942
9630
4543
9486
7554
7409
8133
4142
3318
9151
994
8193
9368
5554
4452
810
8291
6979
8218
9983
9209
2969
7483
9358
1393
5371
3358
2535
4439
8688
6888
8700
2845
4309
2783
2894
1409
3683
2781
4022
9310
9131
143
3766
4948
40
6129
9994
651
6429
6547
8953
6235
1558
1442
1562
3054
130
3827
460
5644
8917
3995
6125
6384
2173
4389
2316
9680
5087
6288
3394
6096
4689
3600
8653
3594
9140
990
1693
2577
3115
3213
6073
3786
9137
82
2027
3266
2134
6784
2846
6598
7234
2423
3680
5387
8878
578
9988
2586
2698
4479
7638
9672
286
5919
1732
7897
974
1432
6641
7905
4052
1485
5466
6825
9478
8388
3126
9649
5054
6503
3648
2166
3283
3933
8874
6006
1707
8333
2747
2473
6351
743
2640
754
9122
412
6759
7796
6482
477
4556
1731
8513
9037
5319
8031
4651
2698
8592
7792
4746
9967
8964
465
1883
20
6874
9216
6456
8309
6572
5620
9333
4233
2137
1892
5645
7679
2532
3004
9749
613
7112
8155
6163
7103
3666
861
963
165
2131
9612
3003
6646
8459
6539
4591
1999
4733
9807
6818
5229
3627
6548
5584
589
7574
7090
562
6628
5560
7940
826
5129
3421
531
7692
2123
6682
5101
7411
718
8518
4230
3822
771
9277
8543
3782
3592
8116
7878
6264
788
1799
4822
9394
5146
459
3927
8347
8006
5225
9167
1055
1954
8010
4204
7951
9894
9475
4924
6624
1525
7204
1336
2159
6108
2455
6424
9218
6019
531
2833
2434
9049
6739
4364
7596
8649
7214
8174
7252
418
1451
5314
886
9995
1299
1757
1589
2223
9378
9450
8316
3960
8421
7063
5190
3234
1846
3106
7121
5584
5057
9873
4019
4349
6406
5254
4269
5463
6529
914
1818
8858
4871
9516
204
7975
2582
758
1184
6075
1736
5798
5230
3059
1783
2348
6071
9315
5527
8166
1744
3763
8571
8989
142
1694
8105
8041
7933
4289
9218
8160
7882
5731
9487
4340
1149
5770
5503
3998
7880
5224
8200
4646
1586
9490
7388
3812
198
378
9720
4020
9444
9791
8479
6462
2251
9664
8031
546
1243
1375
567
2977
89
4381
7844
9221
3440
8247
6036
2241
4519
4404
7517
8286
4025
4012
9426
7118
3966
6089
5207
4603
5256
5753
1942
8850
8495
5810
3306
7170
3192
6230
5193
99
1899
5113
8690
389
2195
1604
2962
9466
1281
5959
8821
1181
5065
4435
2281
2848
6031
7025
6245
6551
1964
4169
7607
9486
615
4554
6525
702
3804
9837
4397
3048
8101
3721
7146
3305
8254
2205
850
609
3815
8992
7425
3022
9036
5092
9130
4870
1065
4453
1983
2882
1670
8082
9833
7471
3327
7595
2792
6625
1333
5364
6012
3752
9818
2514
7368
7592
1004
7920
5533
1810
3873
1017
3113
4283
540
8792
3054
1206
6021
2603
378
9178
9872
3647
5421
9172
6204
6802
9265
9920
1961
1378
6764
4670
2023
3839
7716
4462
3695
1961
2087
3157
2448
2111
925
4281
5388
1288
637
7401
8891
3446
4610
2268
2033
5218
2844
2208
8065
9618
7194
4377
1992
7561
7121
3403
3540
6106
8421
6653
1270
9223
5311
3929
5405
1561
4456
1730
4053
8241
8067
2395
9963
3966
1999
1407
2654
2939
3970
1952
3858
6963
6463
4398
2553
2917
8647
9819
9562
2318
1747
859
682
5116
2703
338
1620
7016
1643
7797
7615
4678
9749
6888
5585
5938
5422
1960
6845
2825
8299
520
4044
3628
2635
9306
6791
6488
3856
5669
6657
1092
4660
2661
3717
6911
9943
5780
3611
6136
3055
1662
6210
6961
9396
4212
4422
8202
7226
1582
4399
9358
9683
8269
6483
1181
6484
150
9567
568
8566
6708
277
184
3994
3960
2317
7571
8866
3570
674
746
2685
8571
9974
7244
3642
3700
6217
1438
5647
8900
6365
569
5560
7789
816
3364
6046
9012
9655
6415
6753
7315
4771
2517
4114
2905
6404
2093
7944
2196
4521
3483
1245
394
2495
439
8143
6554
3050
5445
3724
4697
4116
5629
8681
397
5355
3997
1152
816
4442
2462
7901
7607
5890
4708
7088
6330
4199
6343
5264
3053
7408
6946
1949
8683
6757
3681
6177
4214
3099
8911
716
5589
926
4934
1338
5131
6463
7373
476
7630
7121
5032
6862
3064
5803
8088
5347
4681
5046
8396
4004
696
2775
5350
8811
227
3587
8284
9754
9230
6898
1691
6018
211
6041
2697
2092
246
441
1165
1070
5478
6389
1551
6201
6648
600
2230
6852
9451
4735
2373
417
5578
8381
8674
7434
5109
2603
4214
3213
8628
6098
9584
5577
7896
1250
2032
5004
7205
7912
1820
407
3642
8649
6260
1058
3415
307
976
2765
3109
3321
4779
4303
9298
1934
9310
8297
7262
5663
7040
9329
9778
4727
1607
808
9858
9956
2546
1361
7177
706
2463
925
6471
2701
8428
6495
7643
1394
961
7609
1535
5451
3342
1992
2341
9233
1216
2555
7528
2810
7408
7918
8767
2947
9768
9
2874
8753
421
3906
29
1246
3297
7063
7687
6941
3065
7355
2447
1783
2637
1936
8947
3182
8349
1823
4329
4794
1565
319
9212
720
2996
6934
1268
3319
1346
2280
5462
1495
1006
3565
5819
4428
4504
4805
7192
9062
4134
609
1897
8360
3802
7495
5336
1308
6484
2117
6756
4992
4896
1456
6139
3649
2981
6083
5905
9558
3662
3933
6569
5868
3908
8676
8793
2013
1643
3723
375
8247
265
217
5639
6984
5620
4896
6397
5176
7168
1663
8241
3694
9765
8875
3213
6882
5001
2914
125
7795
1358
7417
6746
2462
570
6721
3875
9508
3553
1513
9919
9867
2971
4475
6014
4999
1154
3775
5961
1012
1395
2689
2267
392
7893
4321
9471
2677
4617
1434
8568
335
6169
2725
1835
6346
4371
8547
5667
5548
2750
1039
104
2680
7352
5873
7678
6239
6383
5463
924
8746
3069
6346
7424
837
5818
6664
3640
8715
7276
3205
3934
1921
9203
1315
9148
1139
3203
5104
9938
3785
8332
9874
3618
8526
5317
3444
9718
8541
3733
8150
8683
7329
2846
687
159
179
9047
2688
2196
9046
2777
947
353
8488
5710
2525
6147
5580
4566
6664
7620
7273
1377
2341
862
4528
1294
7625
275
3755
8100
4552
7065
2556
4468
1139
14
8594
8704
390
9917
7537
2227
4646
9256
8426
2363
2491
1631
2603
3155
4557
1303
5348
2842
4052
1758
7784
440
7601
3659
253
5378
2076
6757
7392
3601
3489
7373
9427
679
4760
2943
3819
7512
155
7739
6341
7032
5558
9411
908
942
5394
4227
3020
3966
8952
51
2569
9356
1167
9974
7936
3479
5485
6242
4792
9175
9358
3708
9821
7284
6082
4329
1733
3254
295
9440
9311
1057
8201
4497
9034
9774
7802
1778
2849
9168
8860
123
28
9303
7074
7229
5751
5867
2070
9226
3021
7222
4180
4319
3854
1397
718
2107
281
1277
8465
7899
5649
4026
5437
1777
1930
6452
1644
5483
9337
1450
5505
6293
379
1908
9890
5966
1693
7573
9306
4575
3481
7210
7684
3579
8171
3118
4403
9836
7068
7569
4737
2435
6162
1049
9746
7199
30
322
9755
9500
5812
294
5074
4626
7603
7384
7347
6372
5319
3730
5028
8741
1029
886
6868
2683
125
8913
8033
9665
4253
1743
4469
6510
7909
2534
2482
1454
822
3365
2167
9617
3806
2066
5248
7241
6649
5238
200
7902
2756
590
89
696
6803
3610
1478
9885
8405
3272
5961
7885
6995
9004
9400
8602
464
6464
7791
6154
2921
2781
2838
4744
4950
2915
4746
9117
3123
7486
4577
1398
4214
9057
3533
9365
3539
8196
1992
3247
6175
2852
6782
2987
4401
4608
1258
5571
4672
3167
9029
2519
2643
6081
8880
905
5349
4172
5363
7398
5493
4366
6831
3706
3990
708
256
3557
3401
1247
89
5882
6706
3133
6626
6222
2972
827
7863
8530
3912
2600
7673
2554
3077
8671
2289
7736
2475
252
6514
3202
9782
2549
899
4797
2983
6318
1172
4394
8295
1995
1638
3697
1514
7566
4954
4650
2553
6410
1731
1212
7855
4114
4744
2732
5654
3941
4173
7478
4546
9054
2274
5925
6766
5854
8151
7386
3701
6888
5884
247
2696
3637
2168
5638
992
9224
2839
6705
4775
8550
1175
841
8724
8738
4716
179
4224
5857
1479
6469
2413
4862
917
50
1671
8462
9745
9049
7773
7168
7844
4164
8971
7176
4852
6435
7545
4950
3768
247
4007
7341
3911
1504
55
3953
1936
1350
1625
4042
6223
9140
3944
3742
6961
4452
6370
624
1481
6846
5956
1683
2023
3804
5198
7755
982
1844
1226
2010
6924
3118
804
2746
3161
12
7955
961
9540
3213
8756
1368
7220
4509
911
1449
5706
4207
4084
6878
1154
4436
647
3262
5076
3866
5491
3497
2950
6393
7870
7246
2983
6202
7849
4058
6256
4278
4862
4468
867
6933
6151
4045
4308
5176
8372
3820
276
4896
6573
6761
8407
1700
891
4056
8005
1024
2820
6844
9725
3627
9730
8719
2403
8979
8404
1861
5739
4180
5806
4956
3378
4050
8048
4205
5081
8815
6556
9681
1158
9412
3839
8022
7085
6858
9892
9070
1332
1356
4334
8392
4832
8849
8610
9865
6213
7583
7259
2496
2971
4933
7168
3458
5068
5163
8963
4994
4115
2168
5251
6241
8248
7268
6317
2335
88
1087
5023
2186
2757
278
9187
3231
6830
4365
1499
6145
9308
5359
4173
5022
4232
2957
7940
8837
3387
1111
2765
8156
4698
7544
685
6999
5386
6403
9580
3510
6727
5642
335
4688
7330
4972
8853
9783
2293
7230
8710
4194
6236
5915
9828
680
9323
4248
3484
7553
6649
6655
4242
4123
3056
1806
4910
2138
7402
7488
1531
8209
2572
1476
1566
6287
114
9320
9953
1138
1284
9493
4511
3470
9491
8687
4273
4855
2676
5244
1793
5950
7958
6657
3179
4605
5087
7871
7694
1430
9654
735
2101
9155
1814
1356
3653
8648
1352
1339
9580
8895
5337
936
260
408
307
6988
7871
1539
6950
6198
2249
5022
1613
4767
928
7672
5582
8700
895
9636
70
5199
5446
851
2109
4486
739
1414
4131
3105
3112
9496
7937
4324
40
5068
1942
8569
4746
294
9139
7043
6884
7692
2032
4599
9480
5348
9959
3796
5356
4403
3689
590
4647
7784
1939
3622
8687
734
4554
3191
4545
3066
7491
3144
8798
286
5474
8675
8734
5716
9175
5763
4143
8588
5165
3417
3038
3695
8489
8193
283
6666
9702
1577
8905
5148
462
4694
85
283
4397
1596
9308
4752
2817
1854
2971
3324
8093
5599
1826
9396
1030
9265
5135
6316
2410
8312
2087
5404
3028
3957
5132
3553
991
4592
3238
2048
9864
8926
1756
4793
6283
7176
9588
8560
1114
8623
3629
21
3888
8741
5115
4384
6320
6743
2402
8240
7030
4888
9971
4879
6239
4174
3994
3778
6177
7143
677
7218
217
7452
4774
6076
1344
7579
2152
3691
8444
579
2107
1443
7140
9167
2248
2151
410
5551
1174
7751
3068
8444
1962
5829
3328
9447
2480
5545
4151
9614
6970
7234
6831
8436
6966
1548
9388
1672
8667
3381
2711
1549
8138
3033
8113
2659
5368
2054
1016
9569
3130
4047
6763
7651
6830
1352
6266
6889
7105
6949
1121
9578
7769
7224
103
6693
7926
5257
1565
4476
8528
6239
9137
2306
489
6264
1347
5277
3565
3296
9308
76
2655
4408
466
736
921
6525
523
1620
7172
8877
155
8597
8336
4082
7878
5806
6523
1408
5532
4597
4174
83
8245
3313
97
2783
6445
1416
3821
9392
3517
9116
5606
8969
9058
4167
4725
3494
4292
756
9160
403
3216
1535
5737
2183
296
2749
915
387
3121
4157
8914
8281
6333
9966
5702
1071
1366
4358
4458
5128
5033
5367
566
7997
8863
3828
1950
9057
219
9909
3605
6696
5707
8358
3537
1592
7151
4998
1050
7286
503
1226
7247
8586
8453
338
1983
5583
8217
9333
1086
6028
7013
2514
2605
1668
9067
8707
1093
4756
9635
2175
4485
9415
3511
8449
9002
8782
7738
161
3686
2931
856
4753
7687
4474
3893
5425
191
8407
1543
9075
5049
315
5483
114
9543
2339
5631
7073
9513
9462
9279
9635
1110
9612
2532
7405
2791
9840
3213
8087
9894
7405
9529
1998
8082
8984
4152
1889
1286
3408
9117
1874
4373
3372
2941
6966
704
9325
7708
5160
5
4466
529
7343
2500
3132
737
6353
1158
6188
1444
5492
5068
6075
1710
8465
3439
1054
3420
7300
1572
2885
5234
2142
7214
4708
4461
6981
8183
6175
6561
8350
9868
1064
1132
9822
4272
8510
2694
3748
648
2788
4363
3077
1439
8116
2590
332
6245
4360
1557
7884
827
6715
6499
3458
7802
7421
6298
7552
599
448
6978
4850
2482
645
9430
62
8028
7377
6619
9688
5290
8862
7820
5142
3082
7537
31
9383
9290
8655
9570
8765
2944
4004
120
4135
4893
158
6988
420
9357
5983
1185
1877
1377
7282
1090
1007
3235
7358
3908
2713
6302
1099
3940
1712
3425
6706
9731
440
988
3602
7592
6710
9063
7245
4695
5271
2714
1579
954
5048
7412
7685
5268
4342
6806
2817
8332
9557
1613
7470
1188
9116
4281
9371
5971
3154
5260
2377
2888
1294
3199
5117
5362
5373
3206
8957
3511
1307
4408
7321
4610
4484
521
8788
8081
6024
4820
4450
1656
3055
4019
6026
4850
4751
3905
4947
5643
7292
3252
4214
6370
5136
1555
4207
5202
3035
408
844
327
3082
7986
9462
4963
3737
1010
641
2671
3260
8834
4826
4076
8286
9830
1033
8095
9334
1127
1203
3017
9033
8950
5815
5380
5493
8277
8302
7494
2858
7361
5444
7668
3394
4769
8479
718
638
4028
4974
187
1123
3707
4623
7840
2969
8830
3095
472
3256
2876
6834
8840
2480
8297
8241
8619
3652
7501
5101
8664
5618
5539
274
7619
5052
342
7716
5880
9219
6312
8684
6300
2100
2307
7641
3666
9751
5595
808
9920
6884
9251
1572
9401
5556
1636
6039
5954
8600
3099
8903
1653
4956
6839
4489
5111
1435
7992
345
5857
5573
7442
1099
117
7281
4591
8391
2468
2704
6376
8669
7312
2373
8219
4395
3881
7119
6225
5766
8587
9448
9001
9450
8903
5122
1711
8022
3714
9547
4665
8827
6066
6229
3605
3763
5597
36
9168
2178
9582
6314
8483
7466
3489
7968
2812
4240
4208
6584
1244
7018
1715
370
2017
3259
7828
1214
9799
3247
3929
5577
9406
6879
3035
9017
3852
2705
5468
2197
7379
7695
1498
6981
2174
7189
8809
4813
828
3217
7410
6042
5304
5953
9700
8027
7162
7468
8801
1929
3070
9116
3980
2953
4312
3934
8007
6441
8857
3218
7644
2741
9868
2105
5088
7007
5035
2422
5183
6257
7021
2323
470
4876
6460
1317
3735
1505
5473
6165
5624
4802
1450
7820
3100
2896
7972
2103
3043
1547
2179
7132
4139
8969
5648
8634
9332
1095
8868
246
617
9663
7806
9650
7679
6886
4715
2969
2010
4745
4337
9235
8513
3951
963
3934
7327
7484
1422
5640
9625
6290
4023
2591
2481
191
3684
6656
9548
5343
9074
644
6252
710
8451
1106
486
9900
7038
2907
2374
1470
311
3689
9572
324
4359
6068
7794
5201
6589
2907
9761
2406
7496
6329
9636
3906
6953
4282
4124
8733
6539
9392
5910
202
2777
3619
9858
7903
4865
8793
7507
2625
4440
7508
776
4441
4254
1021
1518
9000
7236
829
9587
4778
7368
8442
8413
4485
9028
3447
3739
7133
2016
3470
8127
3378
5352
855
1128
5646
4115
9978
2583
6300
88
5979
4445
1636
8763
424
4694
6854
2412
1867
5473
7310
1333
9668
6391
4348
3142
7498
3100
9783
3015
8953
703
1711
6192
1433
1351
5774
7699
6029
5434
169
3253
533
6224
9808
9634
9898
8482
4816
2399
3473
2622
1289
3770
1159
7326
7653
3764
1284
5161
8295
3183
1418
7734
7223
7958
9631
9157
8438
524
7752
9222
6417
5391
80
565
9655
2885
701
7303
2575
7159
57
6180
6262
1996
6758
5072
6470
668
3740
7863
8145
4190
8841
9161
9285
5650
8605
7105
3420
7013
720
7598
9172
8741
4854
8700
7427
1935
3877
9626
1513
7282
7448
4832
3399
5037
7772
9997
9470
5512
2978
3352
2667
114
6998
2804
3928
8808
6099
6535
4749
1105
1296
2373
4439
4144
2743
9122
168
3243
6910
1260
5261
7431
9857
6912
1367
4875
252
7895
3100
903
3875
9712
9549
4329
7367
8909
5647
6206
2658
4924
7818
8769
5160
3681
2530
1366
8133
566
3456
4441
2870
1146
2756
2291
9344
9003
4694
219
4763
1408
5268
1971
8158
5196
9822
8883
7526
7187
1710
3051
2343
5738
9009
3016
8334
2648
2997
1923
3241
7483
1653
4966
2069
9648
3796
5016
7772
7041
4642
2758
8665
3936
1526
446
6996
4950
9362
6387
4055
6351
8962
682
5941
785
7807
1404
706
6556
2059
4398
1956
8020
643
9201
6206
9344
7101
8177
1281
9919
2575
5922
882
6059
3749
1224
6082
243
2877
4402
7935
6164
3132
8763
6680
5068
1422
6050
2058
6508
2542
2269
6178
4502
3082
2103
5020
8314
863
7207
7239
5592
5829
6144
9184
4446
1317
1442
3228
197
404
2318
2451
1975
643
9985
8439
4141
1907
6142
590
7596
6303
4228
4650
6405
6140
7343
5440
5936
5810
6352
3718
9675
6078
6617
9957
3279
4797
2052
8449
6015
6306
743
3589
1761
2916
7258
6467
3962
5777
2944
3944
1567
9164
7002
4303
5839
1743
7937
3235
1173
756
7114
1443
6556
208
3556
482
8161
2126
1890
6549
7706
760
3386
2940
5670
3174
3413
588
3245
6128
7310
2732
1989
8346
679
4090
5524
9319
9383
7165
3366
663
9200
8267
2988
3681
4955
3707
2539
7291
4249
2214
3320
3756
1444
3095
8059
5754
3397
920
8313
7258
9692
6559
1915
2397
6527
1325
9267
1043
5297
5633
5525
7195
3973
6127
4203
6409
1850
5527
6616
1511
5955
7594
671
1589
482
5553
2038
7912
8972
6086
454
1784
2649
2552
4050
3628
7320
519
4948
9580
5543
5830
119
1772
392
508
2510
1119
2077
4556
8767
6918
8933
2397
1568
5855
9825
1115
6509
4125
5909
3924
5773
261
5858
6381
3420
3039
156
4720
9987
8329
6873
5392
7368
1135
3464
2406
8397
4225
6532
4401
9456
2740
4284
6473
8543
4943
4434
2786
5707
2905
3689
4705
7546
3303
3625
5786
2532
7755
1780
9353
9334
4166
6058
6545
6034
5392
5192
2794
4140
9196
7931
8442
7654
3982
8856
4901
4078
8029
9300
1178
1242
6101
7696
6842
1073
6201
4890
6604
9047
957
6411
8550
5939
2693
5525
2761
6710
8583
8019
9581
9903
2425
2069
7104
9751
2609
4316
5581
2338
1572
6319
2407
6639
706
3919
5105
1030
6043
5743
1293
5941
4312
6057
3998
3736
5976
1491
7900
7614
1731
778
7074
2340
1598
1581
7634
975
1223
8722
9318
3395
8308
3686
8494
4383
3165
6146
1333
1328
1331
4429
9956
4171
2906
3344
6269
3117
2792
4597
7871
2878
8405
7136
7946
5703
6564
2200
6374
9306
9251
596
2411
9957
8743
7775
269
5451
6180
5664
7647
7461
4103
8860
3870
7845
2676
6833
8663
8914
1374
3045
4773
3341
2769
6547
7696
5442
2703
1519
3540
1894
1623
5494
1744
6599
5147
7523
2767
1364
8019
3452
2162
1359
4550
6624
1508
1884
340
8846
3541
877
4654
8231
3551
9836
145
7692
1609
4309
6797
250
496
3974
9953
5084
2369
1490
8048
1317
3128
8719
4321
4882
7202
8748
8135
7496
7066
2190
5828
5785
1168
6651
8006
2878
1144
8988
64
4433
4224
963
5397
5981
9525
281
6222
8710
7596
621
5230
6378
1003
6235
2402
6915
11
8997
5214
8445
1488
8312
7219
958
1047
7255
9494
1675
8137
1495
1830
4255
1295
1073
5694
9442
6113
8970
8961
7472
1581
4534
3221
645
1448
4294
8063
7799
5968
7474
3155
1147
5992
8611
8166
9899
5761
5063
2610
4409
2909
2930
2568
9216
4252
919
8886
3256
3717
8025
1931
794
4416
7552
1290
7162
330
6979
4896
9264
4295
400
955
1992
8095
7927
7831
8188
7306
4277
1525
1601
8287
7024
7789
9396
7167
3502
6049
3208
1043
4181
5302
5496
9711
9505
7944
960
2220
6616
6092
1224
6278
2201
6361
4597
136
7744
3316
1780
5930
3911
8828
2640
691
1460
4440
8838
6213
7137
6506
1999
1823
4340
9341
7369
4690
9960
9917
8444
802
819
8744
8967
5972
5363
5487
4813
307
8859
4595
9820
1476
3269
5772
6415
1790
6164
6463
4002
1632
6569
8694
5507
7088
9483
587
5244
2771
4948
3666
9275
1769
2026
660
2860
3418
2786
4938
8234
6173
6541
1946
9970
7213
9918
5019
4458
2650
4096
2854
4709
2193
6565
3536
1547
9944
1088
539
7568
8660
6197
9369
759
8220
9539
9661
540
355
2634
6423
211
699
8207
5881
6227
6177
174
5884
6569
384
4541
8216
7589
2157
8026
310
1130
2848
46
6831
1474
5933
2853
7413
4727
8569
4073
5395
1616
8433
5693
3878
8358
778
3578
9579
9252
11
2074
2075
8957
7302
8899
5818
2028
743
6586
5014
2225
7382
8080
6920
4351
7132
5715
7391
6923
6938
4789
3642
4863
9927
5222
3084
7561
8252
7353
3818
9185
298
861
1945
4873
2563
8977
3150
8615
4082
3717
1242
6017
6532
1656
4262
7922
6343
3961
9597
8890
6059
8837
3118
7920
946
9307
3786
7493
3441
4371
4405
971
2403
6956
1228
7744
6326
7782
9981
89
9692
332
3545
5666
9457
8400
6997
4812
4293
4378
9020
2349
2677
3400
4783
9491
7150
5713
4312
2618
1166
7277
2108
2183
1809
6440
8288
6810
6395
2806
8916
4789
3430
2889
3309
7569
8771
6018
9132
7619
5932
3087
1836
6089
5448
231
3649
4034
1964
9242
8696
4705
9275
6689
5090
3341
2956
4034
1863
5255
7377
1824
8449
2598
8962
1995
7117
5118
316
3707
4217
493
523
9775
4404
5350
5340
2697
3086
8967
7283
1582
6288
7835
9672
3863
3838
738
577
8573
1308
846
2327
1181
8526
3389
9721
3506
7620
4960
5434
6075
1534
3200
4230
4423
4760
3709
8534
5320
1626
4361
6696
3661
3883
5910
1835
5862
8595
1759
3539
989
9337
9065
6901
6583
8596
7979
3374
2138
6910
5758
5748
9554
4771
7700
5205
6531
6610
7463
1822
5814
2274
5137
1188
503
335
2669
8847
3218
9294
2707
1177
4787
7273
8744
6006
6391
8170
1570
8783
7561
2382
9449
434
1318
3210
7216
1177
6853
5825
2512
512
9630
4312
5763
7363
8580
3677
4188
5922
100
7985
9119
2135
9023
2784
202
2947
7407
9876
9696
5467
3011
5112
5006
5996
699
5406
7811
9539
1619
9437
3751
8824
6999
7606
7454
8147
5666
740
3899
1425
6980
3771
8597
5702
3786
136
5876
1085
3170
5020
6677
5567
6387
716
4694
8545
3101
5367
2452
9938
9269
7129
6946
2791
2465
9412
7869
6010
3187
9272
94
404
5800
239
6122
5653
8171
2931
3460
7977
4745
1637
6557
8307
3861
2729
2835
8570
6417
1241
7590
9357
9676
5232
3125
5663
6935
3685
3303
8673
1083
2558
5937
609
7635
5388
1882
6580
763
9351
1536
2038
4014
5051
6560
6959
5974
8468
7063
8216
9948
6489
2231
9711
5880
3219
5458
5803
2214
2883
3391
7322
5151
6540
1973
1022
2861
4067
1591
2740
2612
9909
7710
1681
9465
931
3031
8302
6245
7401
2087
1057
5813
3575
9503
7929
8312
2699
8648
7089
8048
2275
8303
7321
6907
9432
1139
2881
3823
2899
9311
9383
2715
7682
9250
6975
4489
849
9886
4590
2275
2020
5947
4377
2871
145
734
8544
1526
8909
808
1816
1667
6747
8437
1429
5935
3844
6271
3206
9997
7720
2780
6596
5988
1067
6215
3789
8162
331
9558
8011
9344
1207
8780
3937
3133
7704
2023
8782
3424
4711
7854
6093
9820
110
6623
5506
4741
1400
118
822
5658
3506
1224
5640
3753
9017
7093
448
8546
9423
6447
7651
6524
6106
4073
1257
680
2807
3309
6147
6989
7086
381
7747
3325
6904
2817
6728
6110
9853
7848
4888
47
6804
5690
7784
6710
8786
6938
6881
8471
5739
2865
8958
5273
8488
2428
3391
3079
731
9949
8511
4508
6126
3056
6721
4101
6708
1298
4306
2953
2710
2058
5918
35
670
1862
5650
416
6178
7998
6271
3833
21
7481
5704
546
1624
7816
5198
5297
1662
6784
6700
4307
6530
6497
7976
4716
943
365
2689
667
1348
288
9310
5290
2092
5383
7044
3270
8286
2858
9205
4381
4199
6273
4448
4394
3651
6345
4120
6120
9376
4717
9587
9972
1597
1662
6888
423
2182
4536
7285
1984
9633
5024
1372
5944
1927
9680
1298
6983
8739
69
326
7008
1940
5974
1497
2069
3444
7511
7459
7066
2420
9781
1672
2086
9721
6729
7155
3704
5956
9243
2669
4328
1041
6216
7843
2757
7333
6286
8105
9561
5444
2285
7483
1545
1713
17
2374
630
8984
7964
2150
3803
7794
4711
3177
2448
3385
6485
1189
1312
5057
8033
3298
9665
8274
6278
4923
9784
6698
7661
8859
783
833
6895
3381
9049
2339
6983
3773
40
8226
7766
7038
67
7132
3023
2628
812
654
4209
3024
3806
6350
2260
6724
6859
5383
7608
2794
9541
7072
2514
495
181
4604
9164
9730
2597
1050
1551
8032
6777
2470
9148
7652
4071
5384
5577
1949
4106
9171
6057
3711
7599
77
3287
9307
6527
2385
2588
1650
673
4100
3627
1820
7514
8968
7861
3898
571
4049
7941
85
9932
2230
7775
3480
7429
1998
9655
4045
8165
2650
7945
9222
9497
1661
7180
4426
8386
2381
6102
221
8116
4454
8176
2359
5751
6390
3397
8060
2458
9561
5865
6934
9816
5599
6501
7747
6568
4602
533
2892
1962
9870
4939
847
3736
6019
1907
3192
1115
1177
542
6794
5764
763
553
3686
6547
9836
8460
849
7134
3392
8972
9607
9061
9127
1631
9688
6643
5183
5551
6123
4331
6170
3133
8099
1530
4363
7036
7666
4702
9405
3316
2745
1640
9045
7689
3267
8224
5517
1149
1504
3657
6987
5796
7621
6225
1179
1681
9325
7956
8774
686
120
3198
7442
4038
4108
3105
3509
5929
6565
5300
7135
6861
8560
5554
8638
6877
794
6246
8131
608
6524
4558
7986
3204
5947
1896
7815
8637
4740
4871
4628
9626
7597
7311
6626
1467
3528
2245
7684
443
3479
2581
1004
1151
2363
9275
4635
6091
7028
6201
8607
5163
8818
1633
3278
2341
4472
7293
1150
1714
1854
7229
9908
5339
7692
467
2704
916
2934
3331
2830
8126
7581
9590
3827
8710
939
9196
2811
6814
5129
9276
4354
2955
9351
4234
4563
7081
9961
5374
230
3617
6697
4264
5862
4151
8552
8240
2195
1454
3722
883
3416
1912
6844
5095
6719
2115
3261
1498
7060
9353
4502
240
1999
5074
1300
58
6401
4970
521
4432
4395
9302
191
1020
6508
2310
2421
7211
3146
103
7510
1597
1737
2322
3750
8445
3717
4013
6514
9817
9319
669
7130
7917
2634
1196
6700
8439
6778
676
2564
4209
9156
7234
5419
7268
9814
5065
3231
6694
1630
8725
4040
8894
9729
2158
3505
6921
8894
9625
4623
5410
2008
4693
6414
8171
9561
7718
5598
6141
154
1936
268
4488
4555
3144
7401
8919
1382
8237
6686
2968
739
3408
1574
9953
3268
3702
4752
5588
5982
1762
9276
9824
2955
5150
8509
9377
8533
8388
7701
5646
3025
8002
7541
6207
6042
6296
5374
1943
628
2287
2853
6005
2075
6349
9802
5257
8983
8415
2782
9655
488
8328
3449
55
2833
885
6165
407
503
7446
6526
5947
1977
590
2488
5056
7839
8239
7562
8783
9463
8896
1248
8693
9750
238
5234
632
3558
9130
5249
9319
4318
2334
7434
6220
5088
3678
5060
1103
6863
5255
6054
5838
4245
7327
4364
7580
8812
4073
8455
7271
3474
29
8422
8572
6874
5145
9105
1787
5542
4752
380
7126
2889
4406
7363
1723
8372
8575
2643
5258
7192
6438
9876
9705
766
7695
3048
9789
838
6205
8582
2047
5610
9513
8056
2059
4554
7902
7776
1359
9651
7455
7693
7823
4756
7798
6231
5918
1472
6702
9471
6095
9497
509
2845
5819
1742
1483
999
8254
9676
609
6788
8470
2359
7107
3540
1176
3385
3992
5631
8449
3582
2379
1205
708
3726
5896
7427
9274
748
593
3041
4243
2961
5013
5228
7123
4688
9733
7720
3715
8336
5589
5010
9039
2432
5074
3067
2781
7447
1929
480
667
7312
9827
5147
4488
3477
2233
753
1047
58
2009
4138
8218
3181
1157
9353
4527
4995
8183
6723
7184
2946
3033
5548
2307
7943
7254
7219
292
795
146
1460
8670
4909
9964
2175
4631
4681
2995
954
9441
3192
2263
5663
7400
9922
1945
8764
2698
8986
3222
4989
8546
1124
2178
847
4294
8093
638
9054
7920
6457
6378
9432
3206
8839
10
4088
3217
4618
2036
8742
4273
8807
5039
3978
7513
7349
2815
9866
8349
9470
330
4933
7667
2845
5870
5768
2409
5348
9437
6696
7396
7928
9548
9885
4652
6769
3943
5033
1295
9301
8380
4320
2146
7851
1719
2740
8602
6781
4771
6082
1033
3800
5028
8868
7993
3813
9317
2364
1861
4126
1653
8419
7200
3160
4152
8335
5059
878
4692
7226
3736
8090
6237
3411
4106
3504
9198
9240
5512
1930
20
4495
6430
4431
6329
5963
2655
1324
1358
7156
4578
1973
8160
241
4288
1061
7141
8223
2687
9659
8835
9159
6583
814
7513
5778
5814
3600
214
3242
868
6648
106
5006
2144
1974
2677
1711
3075
2643
8215
907
620
3248
4264
6007
8320
486
7310
1321
9052
2232
3799
6316
6909
7388
6813
6254
212
5569
6165
8319
550
5169
6544
1981
5987
755
402
9890
65
5868
9757
902
2100
5304
3786
9976
8393
1735
7179
627
8463
5143
7554
4384
5170
9935
8959
8266
2685
3857
2435
5692
1676
4852
3956
8401
6776
6870
4665
7025
7435
3301
8260
5716
9594
7169
5628
1915
2264
540
7379
5768
67
1677
810
4967
54
7404
8995
9860
8730
9870
6213
566
3076
1430
5705
2514
7620
8743
2902
9353
8093
7316
9664
2497
1061
729
2846
4681
8082
4567
3539
899
2384
3660
1717
3799
5841
2686
4698
2227
4122
4393
6816
974
8274
6750
2030
6983
1715
182
775
2283
2651
8728
7334
6734
3258
4408
4224
4311
8616
2406
5667
5106
355
5771
3063
1457
2250
2240
1586
725
7580
2534
8513
9104
966
9017
680
541
629
5934
619
2362
527
7666
8321
4538
5657
9351
8347
2610
7982
5066
38
5303
4877
2343
1965
6572
6798
8203
433
8412
5931
1147
5847
5150
2996
5541
51
2134
5100
9746
2387
1736
3549
6936
2121
7418
6859
8103
171
2239
872
9967
3576
1635
4848
6671
2074
1545
9652
3019
7272
2063
1779
8765
1454
3638
4837
7980
4818
7579
8321
4915
7099
5112
2059
7895
1935
9549
3509
5796
94
4303
4285
7439
741
5377
1707
2823
8266
758
978
6551
5909
701
3668
8034
6390
2271
8568
82
4072
8711
1736
7353
2790
9223
3515
8817
8425
7557
1719
3824
5533
8438
1752
9712
2913
9334
6473
9940
3845
1285
803
5701
2931
6621
8750
646
2949
3266
3356
7932
1952
5032
3326
1136
2955
4792
3597
5765
5981
2785
973
6031
4992
5398
67
2410
276
745
9289
9049
236
6110
1360
6534
5219
8912
7951
4765
9989
7189
3430
2694
783
7863
8405
6565
7496
990
9808
5957
1475
6079
554
7386
4638
2148
8514
8550
6203
6676
1462
2364
9182
9836
1947
8891
9953
9489
3637
4964
753
9297
8559
5857
6710
6995
2908
721
6175
2403
7579
3638
5524
5051
8452
5172
7368
9445
595
5029
4143
1930
2
5097
7445
6897
6280
3512
7123
1613
9778
4653
3187
8371
7037
6979
7830
9839
9182
522
4552
8494
8871
8449
6246
3866
2785
2662
4386
1929
8262
1625
7003
9438
4666
9762
4000
2274
2344
1654
4543
917
4618
1012
2770
8058
1156
3929
4830
3075
4278
8280
2441
5566
3281
6292
5524
5511
5712
5301
9275
714
8642
2485
9034
3167
7497
2983
9733
4708
4746
7210
5356
8934
5835
2425
7831
708
5184
5633
4122
6804
742
9758
4851
1224
1645
2705
7764
6569
9851
9392
4566
8470
3265
125
214
3516
4867
4799
9641
2409
9574
1327
8043
9120
8214
8409
7372
3710
5847
7318
3473
1199
9905
4724
5437
1338
2138
8726
1154
4500
7192
3273
813
7014
9798
1919
3136
5216
2016
475
7523
1274
1746
9530
8939
5382
3808
2043
1391
8333
5306
8255
146
5651
7677
13
2446
9506
8883
9268
1425
7414
518
1001
8163
7400
6265
9096
2390
7735
93
4801
3185
5594
4862
1333
7236
3099
4607
4906
3705
1059
6636
2005
1532
427
2833
5076
7165
9020
3048
3980
8108
6342
7316
8534
432
2502
7785
8236
6450
8172
5698
8907
2130
1272
3562
2366
2498
2652
7700
4505
7270
7426
1802
9162
8282
811
7808
45
4865
7323
6458
625
3300
19
6197
2409
1675
2105
5791
5257
2057
6663
2924
9563
7762
1535
8378
8989
4666
5447
2946
4206
2006
8366
2141
2597
9946
3765
1988
6282
8253
2975
7689
943
2917
2154
5809
929
5255
493
9767
1918
1103
4279
7896
989
6078
5144
3086
5416
6571
2439
3137
5667
5117
9037
1338
5201
3108
7068
7497
9442
3416
5119
680
9021
457
1208
6253
7841
5423
6537
1471
4806
19
3426
5813
9163
2866
7111
4559
3326
8943
5163
6665
3769
3915
166
907
134
2016
977
7493
5026
8271
5437
5830
2165
3259
2666
3003
8518
1381
6279
1664
6836
1656
744
488
8624
3407
1906
5126
3992
7922
9252
2687
4049
1139
1886
8166
3562
1721
2370
6956
6437
3509
2619
3606
4267
1264
3818
3317
8643
3864
8027
9343
1240
9674
2513
6392
1779
4665
9178
7417
2893
5064
468
8792
2629
2783
74
6719
9906
3712
1400
5981
5541
6045
9322
644
1675
8273
1029
5156
5388
4204
9936
3464
8064
5423
2547
3190
714
9991
1961
1725
6836
9854
3225
1168
8652
8413
5186
9433
9587
4046
644
5567
5717
4962
1637
8353
1559
5708
9518
8601
1094
5906
99
7174
3162
7328
2598
2787
1495
6316
7390
5852
3575
4716
1614
7265
9206
3991
3601
3916
9266
3988
6752
5908
7421
9962
1046
4021
2786
8872
5631
9763
9460
8722
9137
4536
9689
2777
5255
8866
979
3849
9912
7468
3930
2522
2930
964
6767
7199
1451
496
4590
3144
4603
7187
6238
2313
8890
4412
9284
5706
1616
7208
4217
5217
5281
9762
2097
2503
9345
8931
6117
8276
7003
8963
6406
6599
3696
240
9118
5259
966
2700
5438
5096
3948
2862
3438
8292
3331
1879
5914
8053
2904
865
312
9849
1967
8940
2625
7468
7833
8845
5765
5454
7374
4800
4310
3243
8190
7333
1790
5255
9307
231
3662
5534
8566
5464
9036
5138
8813
2958
6837
5414
7875
3447
7591
538
7918
4259
301
8252
8223
9875
4985
8613
1693
1366
5376
6728
9467
1407
2991
6958
9908
4450
3334
2896
7912
4880
7347
9495
8024
9479
6386
1212
142
4365
6981
2734
9736
743
2426
6932
5459
8229
1857
8050
5788
9332
3877
6812
2890
3723
1035
8145
6309
6349
3487
1497
1266
9150
5041
8360
6365
2163
2431
1545
3323
6145
9167
5996
6985
5476
8577
1473
7322
7102
6784
3325
6368
8500
5250
8752
2150
5301
4277
2425
8498
7036
3363
7169
4387
7757
1703
2532
8904
6733
2254
6455
8313
3340
5781
3063
9786
9331
7097
2606
2334
1210
4296
7962
9231
5161
3212
5811
7793
7085
3542
9555
1747
708
153
5393
8660
7413
2888
2559
9847
2511
912
3678
3067
3955
3077
1421
8898
1199
4087
3218
158
3838
7360
6644
9979
1944
9377
4267
8247
2614
7061
8271
7952
131
9246
1932
2750
360
5676
7183
4496
3524
2110
4912
4868
3352
8116
7380
8311
4718
4907
236
4496
6377
4185
4910
7231
175
5383
925
3347
3183
7896
1603
9468
4622
6967
5971
6749
5149
6730
4291
3714
2107
1568
4570
5106
676
7448
2648
329
7500
8162
9009
8492
366
7529
1353
8333
4726
7503
3124
358
5511
3877
4701
5446
522
5828
5747
8827
9941
2856
4356
887
5009
2894
1047
6555
7762
8290
3398
3163
2863
2202
196
2632
2033
6506
2319
7576
1371
3766
1251
2503
1907
33
5154
677
4178
2265
6685
4384
8293
4053
6394
1387
1993
5946
473
3143
560
2213
1842
1015
4053
4115
9149
5142
9337
891
9099
6905
6638
3581
3745
9988
2937
3520
5818
6923
7422
6890
2034
7698
7449
9074
6400
4534
6940
7709
2975
2233
3042
1320
306
6669
979
1219
7796
4891
1507
7930
7634
9132
165
9851
4613
3525
2587
1057
131
6759
5547
7226
6001
6080
9134
3482
8304
8061
1456
5659
1439
9396
3627
6928
7800
6575
9439
5058
9031
6790
1084
1643
705
3651
9550
3591
3434
362
5933
8856
9941
9910
7787
2961
9387
6517
2843
208
7415
5077
971
3634
2768
5685
4088
750
9089
8440
2849
7894
3595
9695
8464
4632
2633
4650
7706
1055
7874
2802
9304
5053
5826
2088
295
3683
7717
4830
1629
2602
6368
3526
3346
203
1640
7412
975
8578
6269
1317
6468
1707
9459
6802
8934
2389
6479
1823
2716
3344
8691
9235
2949
4639
9916
6330
1622
9132
1882
7320
401
9998
3571
8155
9974
9535
6773
8425
9529
6462
2836
8188
4134
9680
3714
8553
2219
101
3737
3583
186
8537
7247
7659
6203
6894
1217
6837
696
1937
1267
4918
6710
5763
4154
4973
9384
4769
9677
4880
97
9394
259
1056
7484
201
6952
8033
4519
1956
6532
2776
8095
6300
5521
1709
5154
5318
3429
5312
7299
2867
9392
9838
4039
7860
3414
8216
3347
3880
5922
2519
7047
2489
7054
8533
7690
3354
150
8873
3051
2953
2322
4894
4154
5010
8611
9176
2807
60
5275
9795
5047
8570
2041
4727
7600
1898
2765
9808
5477
8052
8892
6443
188
4665
352
5924
9681
9913
4060
5648
3091
3205
1088
8785
5657
1376
9751
3041
1752
2854
3317
6006
6868
1817
7901
4314
2618
6695
8182
1327
2333
2546
6047
3389
8682
4827
9979
7820
8878
2835
1086
6776
7513
4746
5037
9871
1831
2552
7818
4993
9327
4446
7282
1177
2978
4253
1693
9559
5127
2331
1151
8465
7029
68
7682
6508
7462
547
5018
3181
415
1258
9677
9925
8833
841
795
5856
8698
763
7341
1459
5288
4531
7882
395
1366
1631
9811
4307
5258
705
2116
7993
5328
6640
8187
2633
6148
9249
2890
2928
876
6991
1206
9905
3746
7789
4108
4942
6418
420
1011
2127
1974
4178
7138
5436
765
1565
8453
4438
3033
8593
6424
7220
4254
9965
9809
2063
462
1883
923
29
2515
3511
9355
9075
170
9231
7039
6539
9153
7738
4694
971
6970
767
1203
6106
6135
3769
4260
9514
6653
3204
2773
5962
3192
302
8908
831
6145
9115
422
2087
9993
7457
2004
240
6789
2957
7660
4482
7411
2860
4935
9781
8277
5421
5679
4077
6641
2803
7445
6933
3290
234
4164
1001
7490
3832
4717
5486
5374
6
3247
6427
9599
2620
5610
2052
5087
211
2257
2739
2907
4472
8972
4181
1973
2931
3447
9225
6130
3315
7433
8576
2379
4428
1340
3045
4566
8526
607
363
5673
3189
877
7686
983
6443
2099
6910
3897
7502
21
3629
5912
6924
7245
2161
2387
4195
4984
8469
6112
7791
993
9960
1408
2633
8740
6200
2509
2517
7840
7360
1336
558
5993
7898
1382
9011
8243
1364
6435
902
250
8530
5109
9848
8406
5098
4756
1148
1186
7107
1236
6790
2873
1890
4210
9354
2943
9922
1183
4966
1834
8217
7339
3445
6538
9087
2352
4549
7550
9008
9847
2865
2040
1096
9944
278
6826
1285
398
4189
8692
2657
7269
1697
8936
4605
1752
4812
3617
3489
5831
9436
918
9284
5757
1303
2300
8347
8992
5410
4646
5887
7246
1521
6492
2968
5483
7269
2609
1953
4373
2119
7704
1191
1575
9961
1795
4429
5429
5504
6963
2958
3179
9754
7596
8804
4678
2885
3978
5437
1676
8576
2162
8396
2256
2492
1398
1985
9762
9017
4100
9797
5653
4568
2312
6175
6095
2843
8944
2926
2852
7252
1668
630
37
8387
2305
6683
9624
9933
4757
2868
281
4648
117
3679
6048
3193
8446
2901
3643
2475
2892
6
9786
6929
3313
9809
2823
5659
3397
8546
6142
765
7346
7014
4406
7307
9674
6770
7459
3350
4378
8485
912
9341
7804
2528
6888
9642
2917
595
3166
5477
1340
3780
4061
7790
3537
6859
1785
521
6823
775
2717
9697
5490
5288
9079
1361
7287
1628
2815
1888
5713
563
5137
7479
8173
4788
2173
5765
5877
5784
4402
1352
2569
4363
5177
8862
5664
1003
1519
1587
5176
6789
8588
1198
2917
8262
7746
4143
6936
9811
6998
3329
3835
5387
1709
9487
4719
7253
2973
5203
8880
3239
810
6047
2983
5565
9406
7417
2554
3659
2054
2800
6834
603
4145
8976
7715
7842
3595
6357
8390
5639
9414
8164
7591
7348
798
387
863
4069
1073
5619
1161
2491
3087
7744
7276
2787
5261
1212
61
5333
383
8136
3234
4718
2453
8850
7692
6994
421
6693
5647
1478
1475
5778
3676
1524
721
1294
1838
9634
8513
5502
9336
1054
1522
8981
5943
6548
8662
5927
2360
9450
8450
4343
2004
4277
39
6809
1322
4201
6222
5192
5696
2506
3023
3128
3202
8771
7165
3405
9077
3996
9631
3480
9599
127
851
1270
5284
8509
599
5095
9770
8694
3622
6192
2599
3711
185
9568
1191
436
9308
9115
9781
3998
1241
5927
773
3311
4921
4497
7091
757
5600
120
2417
2815
7609
2214
9921
1
7304
2529
9073
3846
1669
4217
4436
5891
8717
7623
9949
8614
6904
1314
7153
1096
2072
2326
6054
2820
2110
7921
2862
7470
1474
2236
9731
4839
9984
5131
7804
3044
2910
7263
6337
5124
2245
4957
7529
3780
2300
810
8750
5563
6251
1101
1337
1083
4134
9095
7849
1014
6913
4094
7720
8544
5725
9700
4650
7747
173
1169
7721
3882
4621
972
2242
6015
6863
3706
5624
4580
9224
6362
8206
6482
8211
7616
8888
8166
5135
303
667
2739
6795
4496
1734
638
2285
4743
3648
4632
9229
3927
9308
9000
380
7915
9896
9620
9377
9753
1832
6385
2700
9461
1832
1906
3372
5696
651
742
790
8502
3798
1558
241
8160
592
567
5090
3766
1266
8337
4424
6574
5559
3653
9030
7359
5164
7485
8958
4127
6766
7329
6647
6301
1991
7171
647
4247
5520
1179
6238
8409
2885
9838
979
672
4989
5700
5116
1643
7304
2178
9092
1467
7837
2891
2983
8514
9483
947
5571
9840
9173
7241
3985
9640
8343
4371
8384
7108
6703
8092
9957
3083
3993
1341
4710
5659
2510
6860
9924
8531
6519
3147
4990
2271
3379
5086
3386
7961
5193
4964
7960
4635
9072
1789
7426
6859
8794
6827
7963
6425
473
1114
178
2612
187
6308
8335
8787
2017
3725
5699
9173
825
7631
7152
8581
5314
7952
7785
9590
3349
4457
4120
6225
3388
9136
2764
517
2942
6046
9904
8517
7436
8175
3805
5295
600
9048
1687
4256
529
2730
1793
4709
3990
9625
1234
3034
5163
7079
295
7026
4053
3147
4276
42
4084
9088
4666
1410
8020
1186
2470
2249
6287
5277
7828
1317
2004
8030
1757
3789
2613
7463
7762
6979
8830
1440
3379
935
7857
6950
4261
8563
9271
4892
6366
9478
8799
4742
4966
4124
7353
1017
2768
9895
68
8767
3241
8938
2888
8462
9423
8132
2264
1571
2913
5331
6908
6920
2561
2373
9243
4470
7428
4596
8154
7529
4017
8629
3981
6642
3451
5095
1294
8385
353
512
4931
117
1455
3169
25
7390
8678
1044
7291
4155
8338
5929
734
7156
5443
6842
6093
4994
9605
7550
4865
9206
7020
7541
522
9425
1157
3166
679
7177
3336
5810
1398
3192
3220
6960
7547
1276
8361
5794
6205
7675
1462
3555
8457
8695
3732
356
8616
846
2833
4315
8899
7222
4317
9954
1895
973
6155
2639
2774
1779
6982
8516
8117
4035
32
4873
8515
6092
6381
4152
7597
8348
3079
5923
1068
4253
4028
5073
5466
2352
4046
1176
7903
9369
9469
3544
4785
4061
1848
8837
9716
9043
4815
3246
8126
3134
8058
9274
8994
9906
6450
7888
2030
9048
6895
479
2091
5934
181
1413
1255
1358
245
1245
3000
7764
8644
2669
2226
513
7755
6157
9468
2748
2224
9878
7611
201
4546
9003
4624
7969
7308
2759
6419
4707
1568
3710
9786
934
8143
2674
6556
7261
6156
4392
6615
5188
1089
3614
9235
7847
2810
8628
9261
565
2562
9412
7163
1448
6745
568
9691
305
4456
5012
916
217
5252
2953
1844
9761
3322
2155
421
5532
4403
9677
2791
3928
2112
2332
949
8426
1145
2970
1543
3516
5756
2348
5544
9361
3317
1815
8701
1797
4378
369
8300
827
2632
696
2583
6945
436
2773
5385
8740
8167
282
14
7112
8559
4690
3254
1111
386
4146
2428
7941
9402
9552
5942
4975
8256
8120
453
4774
1277
5528
5853
5048
4473
1392
2647
4250
5864
9183
4977
81
6359
943
6537
2544
6793
9215
5929
5410
2445
3420
2639
9958
2378
5622
4730
2653
7304
1061
4608
4104
6296
2154
9753
47
9654
759
1202
6390
2504
2396
3733
9402
1280
7880
8200
9048
3173
2334
8271
8130
6804
8917
959
2427
938
4762
2731
7355
6865
9607
765
4775
9253
3375
1953
9555
9714
7591
634
9237
7122
6901
9700
1722
8791
1230
8751
5301
7030
6123
7236
2521
6317
8676
178
4414
7325
9150
8972
4419
5424
3797
29
1987
2864
2774
9571
4260
5887
8061
3748
539
209
279
9451
8266
978
9979
2673
1174
6151
8545
8073
9937
5488
6208
5538
3151
866
9802
6947
1835
7458
921
9089
3741
9478
5882
6769
4714
8651
2531
3462
3130
8332
5328
5593
9982
1318
9391
502
1568
4751
6202
7455
3976
1276
8553
5683
8502
1581
9951
3377
5019
9858
4203
6785
5923
299
4179
9142
6727
9763
4858
5005
645
8989
4679
6773
3571
2342
944
6651
2752
3956
9571
9118
7138
6372
6835
6103
9924
6284
906
9468
4087
842
3980
3183
9894
7118
1579
601
9274
6802
4200
616
5730
7962
7914
195
14
5808
4758
9731
1201
4779
754
1996
9971
5003
9320
5084
5932
7188
427
4671
3637
1370
1388
1147
2578
6541
3432
2758
4889
210
9319
6741
755
9170
1189
6625
5590
5360
4527
5377
4936
3601
3719
851
2722
1211
6973
2156
6057
3008
3594
2943
5017
9062
4540
408
9052
6716
8011
6811
2571
2833
5396
3728
1031
7024
9348
7901
5410
1696
4954
1563
7357
146
7047
9412
9489
9656
1515
9035
5316
2563
6173
1507
1104
4614
7208
4144
7627
6565
512
7930
3181
1961
3331
8027
520
1278
548
6944
9437
237
1679
6433
3589
7963
9172
6010
4872
8896
5976
3078
1167
882
489
2110
3578
711
7
8043
7445
7509
9547
2138
7342
3872
1550
6886
46
4386
3372
266
1013
1291
3709
8617
9309
7404
6130
1709
3119
7185
7756
3224
2980
7806
3791
4783
2700
3449
4075
1883
8558
7698
6135
5700
5842
868
315
5547
8011
1353
6454
2984
7885
2716
8357
56
2095
1099
1798
944
9782
762
4180
8443
3994
9092
9125
4102
9584
6243
7253
3597
4525
8740
5200
7005
2532
822
8529
6945
3608
2088
595
6323
5728
5092
8666
1322
5254
1940
643
4655
5862
4643
555
8686
5782
16
8701
7947
974
6251
2770
5854
7491
4928
9561
953
9729
9215
3041
3908
2531
6260
3380
7633
4175
9381
3346
9443
4169
3554
2964
5922
4465
5907
725
8327
5212
1478
9762
8763
6520
3285
423
5122
5782
4969
6431
5837
6113
3676
454
3846
5190
650
6303
2893
5337
7100
9200
8225
5130
3286
2634
8099
9946
9497
129
2116
3915
8602
2955
7317
8553
1227
258
3248
3987
6215
6407
2730
7131
1028
1434
5957
7424
9004
4381
1724
4831
2978
6062
1072
6674
7676
7348
5450
9568
6499
1360
3622
242
1845
3198
8962
4358
1949
8753
1525
5552
1388
4966
7370
7893
6824
7512
920
3713
4387
8274
4898
5307
130
4225
6309
3424
435
1364
6280
7641
4944
2215
6182
3730
595
3050
2390
955
1725
7498
7267
7861
7809
6461
4541
8577
7392
394
3091
2892
4039
8909
4347
2471
7718
4373
5008
2427
2928
751
8576
2184
3090
6259
6349
2064
9279
8581
901
2367
149
4379
2880
9832
9130
610
4965
2327
4371
3766
5206
6362
6723
4590
5674
3610
1122
12
1302
1990
7148
1128
8138
4067
5221
5877
9837
540
5962
7738
6154
9401
1549
7257
7436
1997
9557
1495
4677
5653
1758
7602
5571
8804
2583
627
3162
8619
4601
2404
5218
3018
1199
7912
9212
8666
9930
7833
9970
4029
3456
1220
4432
1923
8906
150
742
9094
585
9054
6920
1334
5444
4969
7763
1395
5498
1447
7284
3527
6459
7996
7990
2855
7272
9061
7629
10
918
1326
8629
1438
2918
5840
5401
3631
268
1919
9917
5155
219
3075
6521
3813
5260
1337
2830
7513
7931
5219
4712
6520
6717
8354
9886
1618
2121
317
6437
7435
278
8544
9700
2673
9956
401
3368
9330
7666
7443
8458
1094
4711
9693
6783
7105
9511
6379
3982
959
8287
969
828
6468
7271
2592
529
1037
48
2953
4038
4731
4291
7726
5018
8106
3236
4060
1041
4710
8532
1304
7820
4792
2779
378
8864
5191
2025
8285
3792
6663
764
8204
4733
3950
4566
2307
1720
5794
8375
4013
4818
1797
1714
8714
2820
530
5578
7199
5792
8621
9612
3970
1481
3687
2345
3436
3664
4920
1688
566
3895
3901
7708
9024
6758
4779
4755
9008
2759
7356
5427
9062
2288
8784
4573
1011
8686
9629
7565
4794
8413
7847
3384
475
1518
9864
9756
7998
6212
1413
4487
1356
7182
2005
4465
2749
8472
6029
1370
4047
8269
319
1008
7423
4715
2754
1454
4340
8991
8940
3645
2286
4376
4382
6974
1598
7679
7639
1519
518
2547
5957
8053
5228
2496
8578
6737
3031
5191
4557
5484
1054
8516
1243
9382
9927
3256
6822
3290
1695
6849
5310
736
3946
7597
5204
3571
7551
8956
3649
8522
3764
9106
6411
8698
7492
1834
207
432
7479
992
8034
8381
866
2234
9989
4746
9153
2598
1816
1659
4905
564
867
9326
3749
6689
4554
6344
4154
7654
9439
2769
